"genome" "711_P-1-S" "711_P-1-M" "711_P-2-S" "711_P-2-M" "711_P-2-D" "711_P-3-S" "711_P-3-M" "711_P-3-D" "712_P-1-S" "712_P-1-M" "712_P-1-D" "712_P-2-S" "712_P-2-M" "712_P-2-D" "712_P-3-S" "712_P-3-M" "712_P-3-D" "713_P-1-X1" "713_P-3-M" "713_P-3-X1" "714_P3_30-34" "715_P1_1-5" "715_P1_10-14" "715_P1_20-24" "715_P1_30-34" "715_P2_1-5" "715_P2_10-14" "715_P2_20-24" "715_P3_1-5" "715_P3_10-14" "715_P3_20-24" "715_P3_30-34" "716_P1_1-5" "716_P1_10-14" "716_P1_30-34" "716_P2_1-5" "716_P2_10-14" "716_P2_20-24" "716_P2_30-34" "716_P3_1-5" "716_P3_10-14" "716_P3_20-24" "716_P3_30-34" "717_P1_10-14" "717_P1_20-24" "717_P2_1-5" "717_P2_10-14" "717_P2_20-24" "717_P3_1-5" "717_P3_10-14" "717_P3_20-24"
"Palsa.None.R2.T0.JGI.BFC.metaspades_bin.147_84.14_8.29" 0.31421557 0 0.15923813 0.073960446 0 0.13699743 0.13590293 0 1.9842454 0.18052863 0 3.496481 0.2721476 0 0.17699105 0 0 0 0.098464325 0 0 2.756956 1.478109 0.28238678 0.30300054 0.5356977 0.30655593 0 2.693167 3.9993129 0.36793336 0 2.550919 1.2915056 0 0.08142103 0.19737394 0 0 0.06260949 0.5196011 0 0 0.22015354 0 0.061210208 0 0 1.1525726 0.22574338 0
"Palsa.Labelled.R3.T1.F2.trimmomatic.metaspades_bin.5_93.42_1.45" 5.4338975 0.14927122 2.2409575 0.24400784 0 1.0174537 2.1027083 0 9.569157 2.288527 0 10.165554 3.5631738 0 3.261645 0.3725913 0 0 1.7025611 0 0 5.0130377 10.837805 6.1033063 4.327288 3.0169153 4.3035226 0 7.273779 6.9299245 5.945617 0.1139632 8.549048 9.027798 0 1.5968949 3.7989202 0 0 0.8372115 6.2904906 0 0 3.297739 0 0.72067547 0.082168646 0 6.8710923 3.2801073 0.09755461
"Palsa.None.R2.T0.JGI.BFC.metaspades_bin.50_91.45_2.99" 0 0 0.105044365 0 0 0 0 0 0.27381897 0 0 0.3132735 0 0 0.16477555 0 0 0 7.2272477 0 0 0 0 0 0 2.7360976 2.2043557 0 15.352913 12.498851 0.062328994 0 0 0 0 2.2461708 5.343571 0 0 0 1.1399564 0 0 0 0 0 0 0 0.32066652 0.45139045 0
"Palsa.Unlabelled.R2.T3.F3.trimmomatic.megahit_bin.239_79.17_2.28" 1.863186 0.16085267 1.9573333 0.6983114 0 2.178794 0.90324605 0 1.5415022 0.42444068 0 2.3400812 0.4694129 0 1.4291588 0.44401127 0 0 0.7713797 0 0 2.7669163 3.894728 1.0418589 1.1853718 2.4871128 1.0155046 0.08047271 3.6641624 1.9386027 0.33075503 0.06285586 1.1224861 0.57366973 0 0.27263075 0.5930736 0.14332938 0 0.3408833 0.42005557 0 0 0.83110964 0 0.32271573 0.08384336 0 0.55499876 1.4752305 0.15513647
"20170700_S34_32" 2.0297797 1.2809575 1.8709066 1.6107601 0.38555613 2.0240135 1.2452832 1.7133274 1.3133677 1.2484463 0.43561766 1.4469415 0.7990326 1.4058951 1.1713493 1.0799253 0.3589904 0.6392225 0.82550836 0.5965245 1.5633883 1.0519682 3.3555856 1.1050744 1.1015004 0.86053807 1.0219902 0.7705121 1.7940227 1.7940196 0.8847015 0.7884038 1.6631032 1.4156729 1.2072705 1.1707798 1.0849532 0.98951447 0.37740162 0.4148599 0.9235345 0.57390577 0.58781016 1.4310848 1.0344014 1.4037876 1.1100386 0.43642575 2.2109616 0.9559671 0.7799565
"20170700_S25_36" 0.09216691 0 0.090132296 0 0 0.11660929 0 0 0 0 0 0.16238031 0.101921886 0 0.2981294 0 0 0 0 0 0 0.33084422 0.61758024 0.1451356 0 0 0 0.14434831 0.06685748 0.07780652 0 0 0 0.30728504 0 0 0 0 0 0.077229366 0 0 0 0 0 0.11891332 0 0 0.17502901 0 0
"20120600_P2M_9" 4.512414 0.6558078 7.5295587 0 0 2.5375335 0.8702759 0 4.117268 0.7596101 0 1.6381928 0.7331105 0 14.556919 0.06548968 0 0 1.0320083 0 0.17503712 0.4241455 0.275039 1.1714046 1.6793867 2.2341104 2.5385017 0.28573504 4.6007943 0.45476565 0.5677416 0 3.525077 2.4926906 0 4.593187 2.409775 0.1068194 0 0.93895787 2.4526536 0.101235576 0 0.8965448 0 1.5759698 0 0 7.678359 2.1376362 0.17031178
"20150700_P15_3" 2.817796 0 1.2747358 0.21033014 0 0.69593734 0.9162306 0 13.586788 1.8102856 0 7.405159 10.36477 0 2.076011 1.1467762 0 0 9.080413 0 0 3.0732603 18.092165 22.964323 27.523531 6.3875003 14.803852 0.118096255 55.063816 60.374207 30.44121 0 39.40655 30.085802 0 4.9634085 32.530144 0 0 1.1699353 43.145096 0 0 26.689331 0 0.7732016 0 0 14.53245 9.203933 0
"20120600_P2M_7" 0 0 0 0 0 0 0.06427889 0 0 3.484251 0 0.40561566 0 0 11.338485 0 0 0 0.6755682 0 0 0 0 0 0 0 0.6086109 0.057471972 0 0 0.15691116 0 0 0 0 0.47975886 0.48080707 0 0 0 0 0 0 11.445644 0 10.179679 0 0 0 0 0
"Palsa.None.R2.T0.JGI.BFC.metaspades_bin.158_96.58_0.85" 0 0 0.6652057 0 0 0 0 0 2.7992454 0.3835936 0 9.975808 0 0 4.819268 0 0 0 4.821031 0 0 0 0 0 0 0.62374455 0 0 5.0679536 0 0 0 0.6690105 0 0 0.40267974 1.772128 0 0 0 0 0 0 0.7150792 0 0.095579326 0 0 0 0.19442987 0
"Palsa.None.R2.T0.JGI.BFC.metaspades_bin.97_73.23_1.91" 0 0.062428262 0.347508 0 0 0.97081167 0 0 1.1507404 0.3377296 0 1.2529465 0.7995793 0 0.43770763 0.2260887 0 0 0 0 0 0.77873194 2.1011658 3.154679 0.105246484 0.18102977 0.9657352 0 0.11183961 1.3245162 1.0659891 0 1.6569129 1.0002087 0 0.4548648 0.057823405 0 0 0 0.5240474 0 0 0.4532454 0 0 0 0 1.8344767 0.14457265 0
"Palsa.None.R2.T0.JGI.BFC.metaspades_bin.263_87.12_8.86" 0.45401075 0 2.1720881 0 0 0.41633272 0 0 0.85773957 0 0 1.4758627 0 0 2.2629986 0 0 0 1.9329609 0 0 0.90614825 0 0 0 0.92904764 0.29327795 0 0.9788172 0.87562555 0.072694935 0 1.6651229 0.6558619 0 0.50971615 1.1468164 0 0 0 0.09392006 0 0 0.088867076 0 0.8811223 0 0 0.9895725 0.12447312 0
"Palsa.Labelled.R3.T1.F2.trimmomatic.metaspades_bin.39_97.73_0.57" 0.29978862 0.13307369 0 0.13652302 0 0 0.07414851 0 0.42757103 0.07198522 0 0.74220836 0.13901888 0 0 0 0 0 0.07611107 0 0 0 0 0 0 0.29296443 0 0 1.4211346 2.171444 0.18417412 0 0 0 0 0.906589 0 0 0 0 0.48729414 0 0 0 0 0 0 0 0.16659448 0 0
"3300038478_6" 2.7267568 0 11.856883 0 0 0.32591435 0 0 4.984209 0 0 8.146658 0.21370728 0 4.720983 0 0 0 0.29717714 0 0 3.8631036 0.7137415 0 0 1.2682626 0.63212645 0 4.781454 5.016851 0.06246549 0 1.7260987 3.8441997 0.07013566 1.0382925 3.0981817 0.06836714 0 0.15839683 0.70597297 0 0 0.20600833 0 5.1062593 0.14959379 0 0.4434447 0.6565975 0
"Palsa.None.R2.T0.JGI.BFC.metaspades_bin.218_92.57_6.03" 2.9347398 0 3.9827123 0.34138048 0 0 0.1173257 0 1.9760674 0 0 5.494617 0.49863005 0 2.6746666 0.24264531 0 0 0.967461 0 0 0.9074963 4.9121766 3.9263177 0 1.0739286 1.0038766 0 2.7078712 3.8830216 1.7619412 0 1.2908459 0.8307105 0 0.63672364 1.5383071 0 0 0 0.29362082 0 0 1.4572468 0 2.0081553 0 0 0.47489592 1.0362259 0
"20150700_P13_2" 0.21042033 0 1.7027528 0 0 0 0 0 0 0 0 0 0.2431453 0 0.9142134 0 0 0 0.17109746 0 0 0 11.1375675 0.5251011 0 0 0.072624326 0 0.07075818 1.8213469 3.2593715 0 0 1.9108771 0 0 0 0 0 0 0 0 0 0.94378567 0 5.8586736 0 0 0 0 0
"20150700_P13_7" 9.406081 0.17310463 1.9997396 0.66246915 0 0.33585772 0.55250204 0 1.9136598 0.9174723 0 5.866635 0.6166563 0 3.488318 0.7869557 0 0 1.2929431 0 0 1.35247 22.851614 13.04131 2.0263698 0.7438571 0.19062151 0.16764705 6.300028 6.0634775 0.10797129 0.12377879 1.2723641 2.37998 0 1.0231807 1.1954662 0 0 0.41717866 0.6594374 0 0 0.6027866 0 1.7002692 0 0 0.73312604 0.7688283 0
"20160700_S23_5" 3.0740585 0.06838489 0.75485784 0 0 3.9244235 0.32049 0 1.2143239 0.06578729 0 1.2633524 0.46768457 0 1.4394042 0.16183096 0 0 0.27939087 0 0 0.8962142 0.6429049 0.19719133 0.43936777 3.4813457 2.2609155 0 7.6858773 1.2311941 0.50455743 0 1.1401128 3.5012636 0 5.008961 1.7567236 0 0 0.06415784 1.672786 0 0 0.27919608 0 0.45693973 0 0 1.164373 2.5837996 0
"20120600_P3M_9" 11.37612 2.2065697 2.3510516 2.6841135 0 6.4702334 5.5965137 0 5.6864686 4.824882 0 13.66096 4.19461 0 2.2711267 3.6001885 0 0 0.6842782 0 0 7.1844554 11.437482 10.104039 11.003063 1.8780946 3.2129526 0 2.0491614 10.683853 5.590883 1.317483 2.3227706 4.2281322 0 2.7450328 2.6882095 0 0 2.780217 4.3297143 1.0600829 0 9.484018 0 2.0728204 0 0 8.01137 4.557381 1.2031702
"20150700_P31_7" 0 0.14511356 0.17927513 0.111212425 0 0.09315712 0 0 0 0 0 0 0 0 0 0 0 0 0 0 0 0 0 0 0.12637584 0 0 0 11.775096 0.08171088 0.21681201 0 0 0 0 2.1926413 0.14828046 0 0 0 0.49779078 0 0 0.098073006 0 0 0 0 0 0 0
"20150700_P31_13" 2.798358 0 10.498472 0 0 0.314307 0.13250399 0 2.4673476 0.2853579 0 0.5829815 2.5527925 0 9.096991 0 0 0 14.822983 0 0 0 0 0.113153115 0.66004986 2.3737228 3.9264913 0 16.869831 0.6218774 0.8350219 0 1.2999312 2.3628795 0 23.054138 16.90414 0 0 0.06480526 2.662017 0 0 3.520543 0 8.259055 0 0 4.911226 1.2753954 0
"20150700_P31_3" 3.1315606 0 3.0435417 0 0 1.7757974 0 0 0.75127786 0 0 8.455582 0.5763673 0 1.546784 0 0 0 0.39421603 0 0 10.48082 3.085236 0.20187184 1.3056769 3.4567714 4.124887 0 18.137447 8.122009 3.54466 0 0.58446926 8.249117 0 2.628843 0.8021213 0 0 0.88207644 1.9286047 0 0 1.9373469 0 3.4776351 0 0 0.3677137 0.64962196 0
"20120700_P3S_2" 0 0 28.133074 0 0 0 0 0 1.4396666 0 0 10.743565 0.08091764 0 54.85092 0 0 0 0 0 0 1.639387 0 0 0 5.4698544 0 0 24.365871 1.9248599 0.19427103 0 0 1.0834537 0 1.1150842 0 0 0 0 0 0 0 0.07065846 0 11.770635 0 0 0 0 0
"Palsa.None.R2.T0.JGI.BFC.metaspades_bin.60_72.97_9.43" 0.27552164 0 0.240188 0 0 0.17877837 0.16207446 0 0.66434735 0.45355275 0 1.0990621 0.42547673 0 0.6052872 0.12482025 0 0 0.25134325 0 0 0.5576547 0.38378063 0.23611087 0 0.24774386 0.15157647 0 0.8855159 0.82704794 0.43671912 0 0.9260588 0.71123785 0 0.16697209 0.3887084 0 0 0 0.32345766 0 0 0.23258139 0 0.6673268 0 0 0.65783983 0.36771533 0
"Palsa.Unlabelled.R3.T1.F2.trimmomatic.metaspades_bin.54_83.78_8.12" 0.07024845 0.32989746 0.97761524 1.0983927 0 2.4995582 0.9068475 0 5.8204136 0.587615 0 8.188726 1.9947559 0 1.7444391 0.6404997 0 0 0.70675087 0 0.14674176 2.4408252 2.1744459 1.421578 2.6511695 2.8832786 2.1920924 0.11579214 7.8213277 18.55415 6.592681 0.6377276 12.269609 3.9570503 0 3.95698 1.841857 0 0 5.006401 4.5872154 0.21565081 0 5.6224194 0 0.64288795 0 0 9.533888 1.3388225 0.13121834
"Palsa.Unlabelled.R1.T1.F1.trimmomatic.megahit_bin.45_71.69_6.46" 0.32698974 0 1.1082109 0 0 0.3079031 0 0 1.5808274 0 0 0.11038685 0.08258601 0 1.3472184 0.08577784 0 0 0.47402665 0 0 0 0 0 0 0 0 0 0 0 0 0.7453062 0 0.19731845 0 0.18508524 0 0 0 2.5229573 0.19709286 0.30150178 0 0 0 0.47101876 0 0 0.15730144 0.60023606 0.9630253
"20110700_P2S_4" 13.08632 0.115496494 76.152336 0 0 0.85456824 0.13237724 0 11.876935 0.082671456 0 0.06402045 1.521586 0 93.489914 0.33009082 0 0 11.332616 0 0.11680452 0 0 0.06486863 0.3111538 0.24244732 0.07534066 0.17650265 0 0.11273299 0.24844067 1.8811088 0 5.8461456 0 6.9765215 1.5371255 0 0 24.205965 6.5532756 11.326533 0 2.4613602 0 28.716066 0 0 2.872549 7.6966906 3.620659
"20170700_P31_1" 35.53688 0.33453223 29.53437 0.24824837 0 43.847485 14.663414 0 55.345615 14.307472 0 93.647484 66.13344 0.14439838 34.267136 8.63621 0 0 20.339891 0 1.0247304 35.134594 37.603523 52.76888 41.02544 20.809053 22.413988 3.081191 42.275112 45.695496 36.572758 3.95947 33.782055 44.308647 0.4758423 25.546652 18.387102 0.087445855 0 12.384726 14.239532 12.542749 0.2686451 21.868526 0.64602387 26.507048 0 0 69.83761 13.445134 8.377157
"Palsa.Unlabelled.R2.T3.F3.trimmomatic.megahit_bin.30_89.06_2.80" 0 0 0 0 0 0 0 0 0.077877276 0 0 1.4047468 0.08922412 0 0 0.13473894 0 0 0 0 0 0.7298143 5.5074034 1.1026169 0 0 0.061491247 0 0.064485155 0 0.14466436 0 0.7296544 0.09102467 0 0 0 0 0 0.064071454 0.35817116 0.15777986 0 0.1095453 0 0 0 0 0.17413665 0 0
"Palsa.None.R2.T0.JGI.BFC.metaspades_bin.21_97.13_1.25" 0.96350056 0 0.28763694 0.10881665 0 0.58473647 0.17385252 0 1.1770736 0.13646603 0 0.41728684 0.33202338 0 0.5909919 0.10814038 0 0 0.2315696 0 0 2.0500348 0.79948574 0 0.3035241 0.24665627 0.51719564 0 3.3996992 0.07063231 0.17035489 0 0.6276115 0.52173316 0 0.91875523 0.830908 0 0 0.56986547 0.48677963 0 0 0.54211336 0 0.35559538 0 0 0.5123969 0.47728962 0
"Palsa.Unlabelled.R3.T3.F2.trimmomatic.metaspades_bin.58_71.79_7.57" 0.63321817 0.10319179 3.4157822 0.37777674 0 0.56829506 0.116680145 0 0.524764 0.3419389 0 1.1212604 0.5246372 0 0.54513824 0.34471506 0 0 0.06328906 0 0.09083009 0.46746886 0.58523995 0.123021014 0.09394791 0.1388264 0.15255576 0 0.369684 0.6006022 0.15753902 0.0582265 1.0509356 1.5001185 0.07216942 0.6376599 0.507986 0.12958196 0 0.55899423 0.22384919 0 0 0.5092819 0.060219523 0.9230071 0.09129329 0 1.1675025 0.22107987 0
"20140700_S31_11" 0.08598082 0 0.22909528 0 0 0.10216762 0 0 0.16468267 0 0 0.1922376 0 0 0 0 0 0 0 0 0 0 0 0 0 0.16583651 0 0 0 0 0 0 0.087206654 0 0 0.08010005 0.13521649 0 0 0 0.07053672 0 0 0 0 0.22287637 0 0 0.0592056 0.06523592 0
"20150700_P21_2" 3.064315 0 6.175704 0 0 0 0 0 18.322208 0.12940237 0 0.4898103 0.3539897 0 5.7857804 0 0 0 8.652851 0 0 0 0 0 0 6.6238184 0.51403284 0 5.063172 1.4091145 0.14968455 0 1.3393053 3.308422 0 10.696691 7.9771686 0 0 0 2.9425857 0 0 0.58261824 0 4.8183937 0 0 2.30325 5.0507293 0
"20120600_P3M_10" 2.9380784 0 6.2572923 0.10806511 0 3.0323405 0.92897093 0 7.5377126 1.8064864 0 13.292638 2.0323048 0 5.2921243 0.16465068 0 0 3.7438216 0 0 5.1484985 5.9809556 2.2495275 0.16352245 4.8158727 4.4393377 0 3.7708707 9.770587 10.797764 0 6.321958 5.6801786 0 1.5812893 5.1097794 0 0 0.45244375 3.8926995 0 0 4.1503005 0 7.809834 0 0 1.5120084 5.080796 0
"20150700_P21_10" 1.3929738 0 18.447636 0 0 0 0 0 5.481038 0 0 18.95876 0.45325285 0 22.852718 0 0 0 8.40179 0 0 0.5207227 0.3935111 0 0 6.0705733 2.1043851 0 6.8456078 8.345406 0.12916876 0 2.0165946 6.946232 0 3.1142926 6.828933 0 0 0 1.6456339 0 0 1.3538625 0 42.61254 0 0 0.7959273 1.9423785 0
"20120500_P31_3" 0.65003324 0.41675398 28.326584 1.591836 0 1.110163 3.9921281 0 4.783515 0.7110494 0 4.863517 2.0049825 0 6.145195 0.1864327 0 0 3.424439 0 0 14.419686 43.52116 15.736356 1.737371 4.0853367 2.268891 0 1.3286133 21.93674 1.4764912 0 0.50152427 2.8979442 0 7.6214557 8.502372 0 0 2.2739234 7.8016086 0 0 4.442596 0 5.0218973 0 0 2.6797805 12.063608 0
"Palsa.Unlabelled.R2.T3.F3.JGI.BFC.metaspades_bin.203_90.06_2.84" 1.2986109 0.5187093 1.9737506 1.7444931 0 3.140394 0.9657511 0 3.7567546 0.9803268 0 2.7222376 0 0 3.0125058 1.0246766 0 0 0.7825466 0 0 0.34676737 0 0 0 0.94103885 0.4336278 0 0.7578986 1.0611854 0 0 2.2977448 0.89749175 0 2.274066 1.7695148 0 0 0.26722565 2.0360677 0.0968133 0 0.47109103 0 4.062846 0.8514644 0 3.1905093 3.0649064 0.2110096
"3300031525_28" 0 0 0 0 0 0 0.18670358 0 0 0.5039432 0 0.8658696 0.13875946 0 0.37094697 0.14060323 0 0 0.100948274 0 0 0.08693242 1.6006615 0.9119498 0.14857823 0.43447855 0.1994729 0 2.1827796 1.311302 1.0400467 0 0.11434405 0.8913452 0 0.32589954 0.2735739 0 0 0.5171728 0.09101627 0 0 0.5771155 0 0.096473575 0 0 0 0.27605325 0
"Palsa.None.R2.T0.JGI.BFC.metaspades_bin.320_77.36_1.34" 8.673525 0 12.930393 0 0 2.6818526 0.13857788 0 6.6021314 0.057852894 0 17.256657 1.0889744 0 10.499854 0 0 0 0.9152451 0 0 3.9427571 4.5472417 0.32342324 0 3.500412 0.86835593 0 9.39951 12.588357 1.4488285 0 8.912476 6.6438904 0 1.982132 0.93651885 0 0 0 2.0264106 0 0 0.6345024 0 7.742855 0 0 13.102643 2.7859151 0
"20120700_P3S_1" 15.9558325 0.6414594 53.687885 0.1781087 0 17.527327 2.9387019 0 17.078497 3.4983635 0 13.183588 2.7930474 0 52.312405 0.9261077 0 0 6.4490757 0 0 3.2100923 5.470081 5.6953387 1.0129716 5.690864 7.911032 0.48749307 11.913526 7.521551 9.248274 0 10.004746 11.813177 0 18.724169 9.705769 0 0 1.8726817 7.0601654 0.47723162 0 15.820125 0 37.99117 0 0 14.021837 7.0806365 0.7030073
"20110800_P1S_2" 2.0263746 0.34154293 1.2001259 0.39607838 0 4.184471 0.64571834 0 1.3281431 0.7311951 0 5.3928847 0.08346735 0 0.5076596 0.7878229 0 0 1.4795918 0 0 2.7529175 1.5356538 0.7198957 0.078412175 0.75106823 0.605618 0 1.0309771 0.892287 0.68272364 0 0.67568433 0.923351 0 3.4129753 1.5594823 0.22672693 0 0.64891493 0.7004598 0 0 0.31591102 0 0.57926995 0 0 3.6351724 0.8301647 0
"Palsa.None.R2.T0.JGI.BFC.metaspades_bin.132_71.57_6.17" 1.5519574 0 0.68931276 0 0 0.104937404 0 0 0.86372644 0 0 0.39879695 0.099775456 0 0.47168663 0.07010851 0 0 0.13665749 0 0 0.6999707 1.1002563 0.5137184 0.23029819 0.19684875 0.18560259 0 0.41145658 0.06782929 0.42061105 0 0.5020598 0.6066263 0 0.112352945 0.2289046 0 0 0 0.1963475 0 0 0.2941484 0 0.22156833 0 0 0.8538664 0.105917156 0
"20120600_P2M_10" 1.1682005 0 6.0738397 0 0 0.5957559 0 0 3.889463 0 0 1.9502064 0 0 5.365927 0 0 0 0 0 0 0.09612321 0 0 0 1.8816744 0 0 5.1114144 0.99192774 0 0 0.7790844 7.693952 0 1.385138 0 0 0 0 0.7549483 0 0 0 0 2.071653 0 0 3.6156483 8.481212 0
"20120600_P3M_3" 6.3042483 0 15.760477 0 0 4.756899 0 0 9.51716 0 0 4.596908 0.67695075 0 13.350165 0 0 0 0.37581584 0 0 0.52292067 0 0 0.07919219 2.1933863 1.3296679 0 4.3794427 0.29065806 0.10139953 0 3.5771325 4.3779874 0 8.967648 2.1512566 0 0 0.282397 1.7008914 1.4370437 0 0.18090029 0 7.2774744 0 0 4.1944227 1.5674199 0.44734418
"20110700_P2S_6" 5.7097096 0 40.247974 0 0 0.290114 0 0 1.3129832 0 0 2.3281405 0.0940833 0 7.2262297 0 0 0 0.6347784 0 0 0 0 0 0 2.1318681 0.11375476 0 0.92566156 0.2377687 0.25893384 0 0 0.48855904 0 1.1523801 0.8843955 0 0 0 0.11115835 0 0 0 0 14.229987 0 0 2.4782581 1.1799796 0
"Palsa.None.R2.T0.JGI.BFC.metaspades_bin.296_95.83_0.00" 2.7138166 0 3.0152624 0 0 0 1.8823904 0 0.40486243 1.9284286 0 4.002164 0.8727629 0 1.8312492 0 0 0 12.960293 0 0 0 0.21230933 0.06767032 0 4.794484 3.7796378 0 14.085399 10.527819 3.0930088 0 0 4.919086 0 1.8215765 8.750849 0 0 0.12664579 2.2241805 0 0 1.3611931 0 5.6529555 0 0 0.2472847 2.2260234 0
"20150700_P21_8" 9.496996 0.28213018 11.064168 0.80799043 0 5.641876 0.6057835 0 7.2589073 0.6692565 0 6.7155147 4.249526 0 12.146433 0.871387 0 0 4.677531 0 0 5.495742 3.1279192 0.3173477 0.3750686 5.004064 4.827698 0 5.123882 2.9535732 1.6682417 0 3.8145607 6.5913496 0 3.8383956 3.6738195 0 0 0.09604276 3.6547801 0 0 1.3538866 0 8.115398 0.23945533 0 3.918296 11.064662 0.12960446
