"genome" "711_P-1-S" "711_P-1-M" "711_P-1-D" "711_P-2-S" "711_P-2-M" "711_P-2-D" "711_P-3-S" "711_P-3-M" "711_P-3-D" "712_P-1-S" "712_P-1-M" "712_P-1-D" "712_P-2-S" "712_P-2-M" "712_P-2-D" "712_P-3-S" "712_P-3-M" "713_P-1-X1" "713_P-3-M" "713_P-3-X1" "714_P1_20-24" "714_P1_30-34" "714_P3_30-34" "715_P1_1-5" "715_P1_10-14" "715_P1_20-24" "715_P1_30-34" "715_P2_1-5" "715_P2_10-14" "715_P2_20-24" "715_P3_1-5" "715_P3_10-14" "715_P3_20-24" "715_P3_30-34" "716_P1_1-5" "716_P1_10-14" "716_P1_30-34" "716_P2_1-5" "716_P2_10-14" "716_P2_20-24" "716_P2_30-34" "716_P3_1-5" "716_P3_10-14" "716_P3_20-24" "716_P3_30-34" "717_P1_10-14" "717_P1_20-24" "717_P2_1-5" "717_P2_10-14" "717_P2_20-24" "717_P3_1-5" "717_P3_10-14" "717_P3_20-24"
"20160700_P15_13" 0.81079304 6.1844068 0 0.99106336 12.756759 0 0 6.165633 20.254824 0.3492481 9.475333 1.8216459 0.2257213 8.6510105 21.522696 0.32333383 5.5059757 3.6683261 2.8312073 0.31835106 0 0 47.483215 0.13057958 0.49963036 2.6715484 13.526143 0.7232006 2.016975 6.655957 0.68984157 1.1776146 5.910622 27.247673 0.16140874 2.0428855 24.159254 4.846529 2.7206016 5.7155466 3.5486202 3.775214 1.7617445 2.8991075 1.6594146 4.2918124 4.7684083 0.45231435 3.9806666 1.1087015 0.6245238 1.7465513 0.7541472
"20170700_P34_4" 0 8.27976 0 0 10.192703 0 0 7.5331855 0.85073 0 4.13275 0.16086832 0 0.6410958 1.1633378 0 7.429619 0 0.49174082 0 0.18685016 0 8.187004 0 0 0 1.3357551 0 0.8059725 2.1369932 0 0 0.48258716 8.64451 0 0 2.8597968 0.5206889 0.45599133 17.353037 0 2.049665 0.7318221 21.333618 4.339511 0.51857114 3.673055 0 5.1830587 0.056480758 0 0.39843568 30.017462
"20150700_P24_5" 0 0 0 0 1.2040739 0 0 1.1980149 13.3073635 0 3.5345376 0.7870624 0 5.4567823 3.3392549 0 4.9203496 4.597833 0 1.8104292 0 0 57.19854 0 0 0.09742124 19.127213 0 2.7837665 11.754284 0 0 0 31.794159 0 0 1.8557357 0.24073045 0 4.436277 2.405297 0.93255794 0 3.354745 0.067233615 1.4474765 2.8178227 0 0 0 0 0 0
"20120500_P23_4" 0 3.3079958 0 0.9263668 18.334494 0 0 4.008935 0 0.33833185 9.807848 0 0.085147455 9.603579 0 0.9053647 2.6281505 0 4.4425516 0 0 0 15.258845 0 0.22842053 1.000634 3.4392042 0.30536085 3.1134682 2.4200554 0.3069735 0.06150618 8.45644 11.180925 0 0.32981804 0.41129947 0.17421053 2.4091074 1.2275017 0 8.974192 0.22353618 0.21765973 0 4.125738 0.62215054 0.84364754 2.4477017 0 0 0.8858263 0
"3300037353_11" 0 12.766551 0 0 22.123644 0.08190687 0 5.105469 1.7613435 0 13.69569 4.8898606 0 7.199544 2.2607877 0 5.282226 0.14300117 0.28573242 0.05644936 0 0 33.175957 0 0 0.092423104 7.0898976 0 3.8390474 11.676356 0 0 2.9003391 28.924387 0 0 6.344837 1.0632211 1.5226865 14.176272 0.1310134 5.320001 1.4879084 3.070845 0.99859226 7.313448 3.0479126 0.27327192 1.9066073 1.0015496 0 0.1733779 2.1749325
"20110700_P2M_8" 0 2.2109616 0.09072194 0 23.622965 0.38307682 0 1.8289884 0.8278085 0 0.44413415 0 0 0 0.42331922 0 0.6454001 0 0.070577115 0 0.27136034 0.062421888 2.3130882 0 0 0 0.29763684 0 0.078804925 1.0367479 0 0 0 1.6987587 0 0 0.5661962 0.067944564 0.060271762 2.638434 0 1.3595122 0 0.3202056 1.2467484 0.315006 0.504596 0.09694985 5.67595 0.056000203 0 0.44663605 1.3271786
"PKYA01" 0 7.6994076 0.11297601 0.14877912 5.9039 0 0 13.611287 0.69112253 0 13.52549 0.06740599 0 13.330266 0.73709697 0 3.8287838 0 15.637682 0 0.10087769 0 22.472868 0 0 0.061164178 7.6716247 0 5.249002 9.702928 0 0 1.7511989 36.02031 0 0 17.694618 3.1041317 13.055967 6.351528 0 10.421187 0.9578968 4.7630343 1.6411965 11.415066 1.958428 0 0.81233406 0.67236596 0 1.6834027 2.6580176
"20110600_P1M_4" 0 4.329144 0 0 7.978704 0 0 14.052588 0.50125074 0 3.7026384 0.17452262 0 0.7598336 0 0 1.2529877 0 5.7419844 0 2.9218092 0 1.6390482 0 0 0 0.8743221 0 1.2887228 1.7487297 0 0 0.36118537 2.165365 0 0 1.2478913 0.24351661 5.6436625 4.7450643 0 2.1436944 0.64733577 0.36732346 0.4585441 0.41761345 3.0696592 0 5.443967 1.5500511 0 5.071774 5.3506584
"20120500_P23_5" 0.4750166 0.64345586 0 2.5351353 1.2439502 0 0 3.2254012 0 0 2.2997923 0 0 17.765383 0 0.63874525 0.7773086 0 2.5815475 0 0 0 2.2970395 0 0.06611561 1.25831 14.355154 0.6061458 4.669208 0.75670975 0.0855418 0.44299796 3.7704606 17.99837 0.28914395 0.5960289 0 0.37758833 2.51934 0.6247357 0 4.003124 0.36048675 0 0 3.3464427 0.33262715 0.97892594 0.12671073 0 0 1.4068841 0
"3300037159_8" 0 0.09294278 0 0 0 0 0 0.31181282 3.848829 0 0 0.80889904 0 0 1.8831736 0 0.17902458 0.39940888 0 0.19333136 0.624075 0 0 0 0 0 0 0 0 0 0 0 0 0 0 0 1.7006893 0.24184822 0 1.5530186 0.25196055 0 0 14.901172 1.5838228 0 0.06117642 0 13.163603 5.115747 0 0 16.37884
"20120500_P32_4" 0 0.07380365 0 0 0 0 0 0.45758474 0.11697762 0 0.07864784 0.20607994 0 0 0.09779671 0 2.2347412 0 0 0 1.8841469 0 0 0 0 0 0 0 0 0 0 0 0 0 0 0 0 0 0 0.8278454 0 0 0 2.8745801 1.2650223 0 0 0 4.802797 2.3975518 0 0 5.70136
"3300037394_5" 0.10463233 8.23851 0 0 9.957918 0 0 8.974746 2.0024652 0 4.5760484 0.55883867 0 6.6663327 1.4192226 0 5.086863 0 5.4365835 0 0.7239645 0 8.707383 0 0 0 1.309726 0 0.50090593 2.0397954 0 0 0.19411215 10.821178 0 0 2.9772053 0.55889827 3.5381691 10.309566 0 6.479821 0.5558029 3.7232566 1.615194 1.5890156 0.35921693 0.09955809 2.417243 0.74356437 0 1.3057133 14.96029
"20110700_P1M_3" 0.3498436 7.9689393 0 0.17740461 1.0189341 0 0 0.086930156 0 0 4.7512045 0 0.13920443 1.1503085 0 0.95747095 0.6719158 0 3.0288801 0 0 0 0 0 0.2308571 0.21203248 1.9706973 0 0 0 0.6214835 0.1547553 0.48861632 1.4253377 0.59671843 2.6341991 0 0 0.15308695 0 0 6.5468163 0.070760824 0 0 5.7082376 0 0.594863 0 0 0.057491094 0.39051226 0
"20130700_S3M_11" 0.8572848 0.24077144 0 0.22642216 0.0655354 0 0 0.08367988 0 0.63644695 0.06477832 0 0.109765515 0.065071724 0 0.24754648 0 0 0.23562346 0 0 0 4.2733393 0.12824437 0.17744036 0.10744852 0.1271479 0.090568274 0.6651958 10.724199 0.18513046 0 0.2746198 0.15175945 0.80942905 0.18350317 1.0470711 1.179916 0.63739574 0.30693418 0 0.17235431 2.192695 0.29563826 0.08259478 0.10351993 6.098456 0 0 0 0.25497618 0.11821133 0
"20170700_S33_22" 0.1198399 0 0 0 0 0 0 0 0.555412 0 0 0.05637269 0 0 0.8898848 0 0 0.1154877 0 0 0 0 2.5870733 0 0 0 0 0 0 1.7759179 0 0 0 0 0 0 2.1508625 0.40409458 0 0.21276034 0 0.0729859 0.07840355 0 0.30802792 0 2.5664358 0 0 0.057075024 0 0 0
"20120500_P23_6" 0 69.30449 0 0 46.908417 0 0 24.360209 3.7074823 0 16.108614 0.21038465 0 72.83682 4.6044846 0 61.84454 0.72493404 10.990586 0 0.13473962 0 48.356476 0.070090175 0 3.489854 149.90778 0 57.944912 7.679961 0 0 44.90206 65.12241 0.12042403 2.024555 14.806385 6.5195074 54.94783 17.77147 1.2260033 28.968477 41.712692 70.07904 5.3702955 99.71595 9.969478 0 1.7473752 3.8207655 2.010696 13.041725 64.58987
"3300037180_6" 0 14.40937 0 0 0 0 0 4.7969613 19.428333 0 7.29726 0 0 0 3.1991374 0 6.5708585 0 0 0 0 0 2.1946635 0 0 0 0.24778028 0 0.7709659 0.4456954 0 0 0 2.95262 0 0 0.9566366 0.12528063 0 3.0309877 0.9901481 4.7622266 4.359173 9.961243 0.6310695 0.16242233 4.5869684 0 0 0.08951198 1.0076263 0 11.005268
"20150700_P15_12" 0 1.2463642 0 0 3.4134877 0 0 2.838797 0 0 3.1082766 0 0 4.5027676 0.06855542 0 3.1533759 0 3.2626448 0 0 0 3.352168 0 0.07222405 7.3062716 10.940432 0 1.2278923 1.8415827 0 0 1.3346598 5.011591 0 0.30160865 1.0518624 0.19062169 1.6133814 1.3749918 0 18.214413 0.11884 0.38986346 0 3.300505 1.7220095 0.42837968 1.5869981 0 0 0.14438303 0.76524216
"3300037241_7" 0 0 0 0 3.7968 0 0 7.255505 0.11298882 0 15.727408 0 0 17.401937 0.2782299 0 8.420925 0 2.1826603 0 0 0 63.45046 0 0.07527773 15.97388 25.433361 0 5.1010795 9.301123 0 0 4.288711 25.138958 0 0 0 0 1.4561766 6.1819563 0 19.653662 0.155687 0.32885903 0 12.459896 5.1229367 0 0 0 0 0 0.09403217
"20160700_S23_17" 0 1.6672039 0 0 0.54734904 0 0 1.2331638 0.30550474 0 1.7017447 0 0 0 0 0 1.7221147 0.24212952 0 0 0 0 2.7085083 0 0 0 0.5496947 0 0.6667709 2.961062 0 0 0 5.175952 0 0 2.2707 0.33428544 0.1035023 2.4550822 0 2.4467907 0.7437899 7.9473352 0.5693371 0.23873973 6.46213 0 0 0.29098198 0 0 1.3012164
"20150700_P24_12" 0 0.74684054 0 0 1.423375 0.5730346 0 1.6181 8.512532 0 1.041325 1.1544579 0 0.057412624 4.674681 0 0.2792825 0.22075744 3.6813216 0 0.8840093 0 76.08552 0 0 0 0.1765506 0 0.24568261 15.591721 0 0 0 27.113874 0 0 12.273682 2.0658774 0.7283455 26.062504 0 1.327744 0.12414682 8.9158535 7.0556984 0.18315522 31.726795 0 1.5044658 3.7132843 0 0 3.6521275
"20111000_P2M_7" 0.42682052 1.0073581 0 0.3326945 2.9336684 0 0.19697267 0.7302396 0 0.22393315 0.46120825 0 0.28872934 0.39168087 0 0.4364718 0.26504782 0 0.5575959 0 0.121918865 0 2.616051 0.10806881 0.09400562 0.08245206 0.8101655 0.1366562 0.19564536 0.13960026 0.5130686 0 0.20847797 1.8273797 0.07369363 0.19895416 1.4995363 0.74258196 0.8556101 1.0468194 0 1.0090463 0.25576478 0 0 0.25573948 0.30132177 0.5933794 2.0968177 0.21743928 0.2123544 0.42387447 0.15243882
"20120500_P32_6" 0 1.1336097 0 0 3.419851 0 0 0.22884324 3.4109821 0 0.24466689 0.30902803 0 0.53808236 0.5622319 0 0.17182651 0 0.20476726 0 0 0 26.382528 0 0.175713 0.36299717 0.93435687 0 0.10124528 6.7997503 0 0.19313084 0.27402297 17.13911 0 0.12382614 57.501537 9.751399 0.094352305 25.898203 0 0.14956 0 8.249397 4.8154826 0.18537147 30.093946 0 0 0 0.06364872 0.08778247 0.18966414
"20160700_P15_24" 0 0.15396228 0 0.46833396 0.67406416 0 0 0.11820503 0 0 0.39725727 0 0 1.1066965 0 0 0.2862264 0 0.16659668 0 0 0 0.66768867 0 0.16042218 1.4210908 1.7168684 0 0.23924758 0.16980393 0 0 2.2643256 1.5797237 0 0 10.483915 1.9113659 0.44412902 0.07389437 0 1.6443198 0.30033976 0 0 0.8294342 0.104520194 0.2874529 0.06839384 0 0 0.059746463 0
"20170700_P14_3" 0 6.7048607 0 0 2.923265 0.4678671 0 1.7814784 28.560078 0 0.9458573 5.449621 0 1.6744095 17.693106 0 4.6342106 0.11024267 0 0.10053456 0.17096893 0 35.455322 0 0 0.0854128 14.185289 0 0.16890512 23.001451 0 0 0 53.359966 0 0 59.475132 10.101581 0 31.17152 1.0984268 3.8150504 0 9.373924 11.115061 0.8042422 55.47717 0 0.48971638 2.1612394 0 0 9.5724535
"20110600_P1M_18" 0 1.5104866 0 0 4.457649 0 0 4.9736214 0.1595763 0 1.8637218 0 0 0.099331714 0.05753548 0 1.499777 0 0.40132052 0 0 0 1.7208385 0 0.4178923 0.24760227 0.43815756 0 0.1675253 0.46755394 0 0.2193663 0.36644217 1.0157989 0 0.09544783 0.3825874 0.09630948 0.37744364 1.4855307 0 3.0457184 0.10434028 0.09564307 0 0.2152868 0.38921502 0 9.643725 3.0103276 0 0.68199897 0.69803995
"20160700_P15_19" 0 5.5568724 0 0.27884945 3.757815 0 0 18.900993 3.209479 0 17.284363 0.0771108 0 3.2074492 0.12961252 0.100065045 10.086837 0 3.853935 0 0.30641574 0 15.0853615 0 0 0 0.9383526 0.10652176 4.3170004 14.287298 0.31769705 0 0.49274752 25.147526 0 0.13423447 18.266727 3.6021686 4.07591 8.952749 0 25.463497 3.4205375 28.56506 14.270573 1.0004002 3.976783 0.20977217 0.36518204 0.27393037 0.115710616 1.0456449 5.498085
"20160700_S23_13" 0 0.07111965 0 0 0 0 0 0 0 0 0 0 0 0 0 0 0 1.5256635 0 0 0 0 0.33202732 0 0 0 0 0 0.07591235 9.238777 0 0 0 1.2285944 0 0 2.0696676 0.29926586 0 0 0 0.35131165 0 0.86978227 0 0 12.302403 0 0 0 0 0 0
"20120700_P1M_6" 0 21.961275 0 0 11.897919 0 0 23.000978 0.12902233 0 28.938232 0 0 1.0134679 0 0 11.943513 0 3.40282 0 1.881042 0 16.016888 0 0 0 0.09293177 0 0.99841636 7.216225 0 0 0 15.651666 0 0 2.0879471 0.31927672 1.3743762 17.75098 0 2.9183314 0.08624309 10.86162 13.398737 0.11173448 1.2651784 0 1.7144592 0.7549516 0 0.06157455 13.43793
"20120600_P3D_1" 0 19.470572 0 0.17558143 0.32937536 0 0 5.1056128 0 0 1.9667629 0 0 5.3597083 0 0 1.845592 0 5.2564173 0 0 0 0.1073896 0 0 0 0.46245322 0 0 0.72905934 0 0 0 0.13307536 0 0 0 0 0.39018756 1.5055431 0 7.021437 0.06071124 0 0 0.099949494 0 0.24597548 0 0 0 0.087508366 0
"20160700_P15_18" 0 3.6044676 0 0 2.1579025 0 0 1.3941094 0 0 3.85429 2.3172457 0 1.5752556 0 0 3.3189502 0 5.0140414 0 0 0 4.7235026 0 0 0 0 0 6.2508407 16.632168 0 0 1.6510864 3.124796 0 0 20.35885 3.4679952 2.113754 16.414766 0.24689592 0.31294438 3.0827262 9.383629 15.079903 0.5251894 59.041782 0 0.68451524 1.258266 0 0.10545285 3.9270396
"20110700_P3M_11" 0 14.014628 0 0 9.690068 0 0 24.187548 0 0 51.30788 0 0 8.090701 0 0 7.4652762 0 8.6024685 0 0 0 0.52285534 0 0 0 3.4021876 0 0.7829292 7.32346 0 0 0 25.705528 0 0 0 0.1603497 12.623972 15.561322 0 43.875313 10.252325 1.1880502 0 0.1423297 0 0 0 0 0 3.813161 0.44766355
"20110800_P3M_3" 0 28.616673 0 0 0 0 0 6.4842606 0 0 17.785355 0 0 3.229346 0 0 12.455449 0 3.028557 0 0 0 0 0 0.11936658 0 0 0.095545776 10.217605 1.144107 0.8059989 0 6.4754643 0 0 0 0 0.35511518 3.234553 1.3065115 0 9.778276 6.6845193 16.133032 0 32.167957 0 0 0 0 0 3.7323112 5.516927
"20120500_P24_8" 0 1.8028588 0 0 0 0 0 9.229627 0 0 1.1875094 0 0 0.49861246 0.28169397 0 3.6228013 0 0.06791764 0 0 0 5.453291 0 0 0 0.05833068 0 0 10.231812 0 0 0 1.1883754 0 0 5.4568267 1.0747888 0.20868978 0.82569116 0 0.9998374 0.37050676 2.6101198 0 0.06522136 0.17513669 0 0.4089816 1.0020165 0 0.21328346 4.8841553
"20160700_P15_3" 2.7937613 23.711176 0 1.6982261 80.20297 0.08870845 6.915549 12.800668 3.8688145 5.576938 6.276856 2.2351112 6.8976827 7.3379216 21.419302 2.0428455 14.971839 0 5.3299394 0 0.5724991 0 247.02464 2.9407756 2.0663908 3.343106 4.071134 1.9404627 4.342889 47.832344 3.5102854 4.559558 5.6537433 16.331013 2.1163235 2.5044727 143.47797 29.994432 7.55108 23.463503 0 2.664059 3.3752139 32.452713 95.74738 3.434431 189.06871 1.6268321 16.686066 20.842464 3.8829942 6.452069 26.186836
"20160700_P15_2" 0 0.41335306 0 0 8.028581 0.110064566 0 0.22863814 0.5191127 0 0.11527475 0.87505555 0 0.42409918 0.37139025 0 1.5802215 0.58850545 0 1.3994502 0 0 0.98445964 0 0 0.06446658 1.4620618 0 0.14165388 0.46942347 0 0 0 9.874476 0 0 18.848722 3.115367 0.20547362 1.9114585 0.21207507 0.22412713 0 0.08376995 1.5614055 0 2.6770742 0 0.2821869 0.12178953 0 0 0.28680283
"3300037138_9" 0 0.4876708 0 0 2.1684349 0 0 0.05907693 0.06212208 0 0 0 0 0.16615058 2.4657087 0 0.22354412 0 0.16935536 0 0 0 11.143246 0 0 0.057428446 1.2550187 0 0 1.888432 0 0 0.40238222 7.314331 0 0 1.3008299 0.15073001 0 0.47506028 0 0.17603105 0 0 0 0.86309874 4.2422814 0 1.7125424 0 0 0 0
"20160700_P15_10" 0 0.8652631 0 0 0.17655219 0 0 6.35927 1.8314443 0 1.775745 0 0 0 2.3745055 0 0.31298468 0 0 0 0 0 0.15644825 0 0 0 0 0 0 0.6561079 0 0 0 4.1781197 0 0 11.869467 2.0088565 0 0.34444463 0.5466175 2.8390088 0 0.69872606 4.832057 0.26181102 2.0292797 0 2.235585 0.26873484 0 0 2.785311
"20110800_P3M_11" 0.7983263 4.3564734 0 0.6443397 28.407467 0 0.099251136 14.508583 0 0.121419795 15.197779 0 1.3382428 18.556398 0 0.36241212 10.2649555 0 3.017311 0 0 0 5.3312 0.06443378 0.24198256 2.1376956 8.21932 0.16148649 3.2975323 6.33307 0.5352504 1.0316242 4.5597267 63.036316 0.14111848 2.3213024 0.77368134 0.4528102 3.981766 18.494316 0 15.328666 2.5873725 4.579418 0 12.877512 1.1906588 3.877322 10.887965 0.50187135 0.16671859 3.9450471 2.5803688
"20120500_P32_2" 0 3.397227 0 0 1.3610053 0 0.42093402 1.8727977 0 0.10464963 0 0 0.1017836 0 0 0 0.28018305 0 0 0 0.47696093 0 0 0 0 0 0 0 0 0 0.2350606 0 0 0 0.2863486 0 0 0 0 0.12950917 0 0.07188448 0.10486599 3.2088082 0 0 0 0 40.562897 5.8868065 0.316324 0.35386387 8.960471
"20120600_P3D_3" 0 56.942974 0 0.10536255 8.93747 0 0 0.3916804 0 0 33.67771 0 0 0.43758804 0 0.67657447 13.696185 0 6.2978444 0 0 0 6.6125717 0 0 0.1818444 1.3197144 0 0.33697277 0.07550188 0 0 0 5.697032 0 0 0 0 0 10.869311 0 34.67005 0 0.7101189 0 9.99292 0 5.432737 0.5273989 0 0 0 0.3178534
"20110600_P1D_1" 0 2.2196233 0 0.8588717 0.34055766 0 0 0.72031677 0 0 0.08788085 0 0 0.3331219 0 0.107404545 0.06818739 0 0.7726599 0 3.8208878 0 0.32696104 0 0 0 0 0 0.15650807 0.96772766 0 0 0.055818707 1.6428556 0 0 1.0681747 0.18993253 0.36388162 1.68168 0 1.1479641 0 1.621766 1.1885958 0.29126537 2.443146 0.27387568 0.15072411 26.476717 0 0 8.486193
"20150700_P23_7" 0 1.3749045 0 0 11.027472 0 0 28.349586 0 0 12.696566 0 0 22.701708 0.061507557 0 11.565941 0 10.411203 0 0 0 0.06701015 0 0.13789956 1.0569235 6.7448545 0 15.042773 0.50602823 0 0 12.170379 6.5851226 0 0 0.13561626 0 9.877292 3.0462856 0 5.8260856 3.2894278 8.516665 0 3.3333519 0.35381207 0 1.7158533 0 0 3.9857247 4.596436
"20120700_P2M_1" 0.8994654 19.944818 0 3.5348332 42.76881 0.07723889 0.24394995 20.220585 0.21297693 0.5991074 23.81135 0.089258 0.488444 39.121235 0.25957555 1.4002224 18.186066 0 17.450544 0 4.3836913 0 17.268671 0 0.8275009 11.611147 19.945677 1.6242362 14.094008 12.051578 1.893965 7.3964863 31.057302 31.09979 0.22367863 3.3349714 10.2862835 7.9419913 20.415674 20.454754 0 13.360862 9.936222 9.345309 5.182374 18.771824 18.542265 4.1584225 10.324194 3.6162949 1.3236047 8.520419 15.273426
"20130700_S1X_7" 0 3.4538956 0 0 3.2941313 0 0 0.2487845 0.33909407 0 1.2602594 0 0 4.0042377 0.101193905 0 2.0576146 0 1.0210619 0 0.3836256 0 0.7306425 0 0 0.5213269 2.5117996 0 0.38241985 0.55035263 0 0 2.2892225 0.67515683 0 0 1.5045918 0.20489861 0.63959914 0.40148628 0 15.601176 0 1.3686101 0.4027965 10.584446 1.8961084 0 8.569289 1.0832179 0 0 4.4562407
"20160700_P15_15" 0 10.87318 0 0 2.3940005 0 0 1.1709408 4.2066717 0 0.8803209 10.095066 0 5.483015 28.536417 0 8.517848 1.0952743 0 0.45899767 0.09540975 0 11.811964 0 0.6972792 8.257669 23.23126 0 0 3.6021328 0 0 1.2291949 32.7759 0 0 19.730694 3.2448132 0 18.426744 3.3961108 10.5013 0 11.515367 1.7200457 1.8657646 14.062761 0 3.0374475 1.8990285 0 0.10165397 21.262323
"20120500_P24_7" 0 0 0 0 9.724086 0 0 5.004617 0.6838548 0 10.901423 0.36773103 0 1.5638505 4.8462996 0 1.602228 0.08378085 0 0 0 0 0.6503525 0 0 0.15522544 4.227976 0 0 0 0 0 0.0764207 18.185225 0 0 5.1059227 0.76377183 0.079631746 14.887346 0 0.08076485 0 0.58493596 0.24412164 0 3.6108007 0 17.47417 3.4394672 0 0 0.3173651
"20120500_P23_1" 0 6.180636 0 0 6.8049564 0 0 9.75471 0 0 15.742664 0 0 5.8017993 0 0 7.8097763 0 10.367677 0 0 0 0.79106003 0 0 0 0 0 3.2164207 1.9709773 0 0 0.14818524 0.8402563 0 0 0 0 8.928703 10.257018 0 5.0511503 1.3916215 0.9723007 0 0.5643133 0 0 0.057269398 0 0.12993163 1.6318825 0.3345293
"20120500_P15_4" 0 9.331746 0 0 1.328361 0 0 56.224457 0.105320945 0 22.83362 0 0 0 0.109568164 0 3.26052 0 0.47804338 0 0 0 0 0 0 0 0 0 0.16204576 0.78915745 0 0 0 0 0 0 0 0 2.8808703 3.5907607 0 0.2619909 1.5310333 1.3934647 0 0 0.118891954 0 0.58867323 0 0.41515192 26.272852 3.6068304
"20110800_P3M_18" 0.3798611 10.753142 0 0.29351914 11.539762 0 0.06985801 12.336238 0.0817692 0.2122442 1.0445225 0 0.23973164 0.40057734 0 0.24395366 7.3691425 0 3.7575874 0 0.21157849 0 3.6805208 0.060552325 0.30297178 0.1071307 0.14637063 0 0.11402142 1.6555786 0.2889983 0 0.10118343 6.6272917 0.1866216 0 3.4951327 2.2652543 2.6158617 13.312979 0 6.600649 2.5710595 4.5307717 0.10488571 0.19062613 0.256339 0.109276734 2.1135938 0.63649255 0.10231498 3.9801817 12.73093
"20160700_P15_8" 0.34582707 6.0936136 0 0.48570147 10.594707 0 0.16763534 0.47520924 0.25334063 0.37936223 0.15123741 0 0.51336765 0.17433676 0.08737185 0.4422436 1.1807245 0 0.15424384 0 0.10507184 0 15.181323 0.1590385 0.581667 0.15110384 0.12722324 0.09162186 0 1.3662761 0.6920171 0 0.121343955 1.8124772 0.52237767 0 15.300698 3.1466773 0.15554748 10.239508 0 0.47968602 0.17054184 3.2031274 1.3886435 0.16215883 3.471549 0.14954601 29.246305 7.0000544 0.2009494 0.41467005 6.256423
"20110700_P2M_2" 0 5.6032877 0 0.09928256 55.877243 0 0 0.8841956 0.0718174 0 0.29508626 0 0 0 0 0 2.6846545 0 0.12046732 0 0 0 0 0 0 0 0 0 0 2.8720138 0 0 0 29.239449 0 0 0.16345473 0 0 5.909312 0 0 0 1.5903368 0.15854396 0 0.2857385 0 5.3207846 0.4089493 0 6.5496473 2.203577
"20150700_P15_1" 2.1144016 1.5860112 0 0 3.6659396 0 0.11443639 5.899393 0 0.058834348 2.7874873 0 0 3.276711 0 0 5.9035993 0 0 0 0 0 0.87861663 0 0.38280082 0.693208 11.1565695 0.70874655 3.2344828 0 0 0 0.43616876 2.996254 0 3.2236962 0.7683136 0.4823389 1.7176969 0.6803751 0 1.20484 2.013431 4.184162 0 1.4846413 0.8749906 0 0 0 0.81602585 2.9336145 2.578162
"20110600_P1M_7" 0 2.0567377 0 0 0.8715015 0 0 0.6627135 8.276255 0 0 0.32296708 0 0 0 0 0.71581703 0 0 0 1.9901838 0 0 0 0 0 0 0 0 0 0 0 0 0 0 0 3.8367116 0.5592112 0 21.688658 0 0 0 30.238907 6.6353498 0 0 0 10.003437 4.0005584 0.056838855 0.055863824 28.299526
