"genome" "711_P-1-S" "711_P-1-M" "711_P-1-D" "711_P-2-S" "711_P-2-M" "711_P-2-D" "711_P-3-S" "711_P-3-M" "711_P-3-D" "712_P-1-S" "712_P-1-M" "712_P-1-D" "712_P-2-S" "712_P-2-M" "712_P-2-D" "712_P-3-S" "712_P-3-M" "712_P-3-D" "713_P-1-X1" "713_P-3-M" "713_P-3-X1" "714_P1_20-24" "714_P1_30-34" "714_P3_30-34" "715_P1_10-14" "715_P1_20-24" "715_P1_30-34" "715_P2_1-5" "715_P2_10-14" "715_P2_20-24" "715_P3_1-5" "715_P3_10-14" "715_P3_20-24" "715_P3_30-34" "716_P1_1-5" "716_P1_10-14" "716_P1_30-34" "716_P2_1-5" "716_P2_10-14" "716_P2_20-24" "716_P2_30-34" "716_P3_1-5" "716_P3_10-14" "716_P3_20-24" "716_P3_30-34" "717_P1_10-14" "717_P1_20-24" "717_P2_1-5" "717_P2_10-14" "717_P2_20-24" "717_P3_1-5" "717_P3_10-14" "717_P3_20-24"
"PMOO01" 0 0.65929455 0 0 0.48521212 0 0 0.8810699 0.4815605 0 0.9047597 0.37240443 0 0.17805901 0.43235737 0 0.1920101 0 0.10521306 0.53253114 0 3.516725 0 0.20001665 0 0 0.52991325 0 0.12819608 0.13748665 0 0 0 0.30387497 0 0 0.10455194 0 0.3157593 0.17521714 0 0.16058142 0 0.124055915 0.19939615 0.1691338 0 0 0.42245027 0.3418751 0 0 0.764665
"20120700_P3D_97" 0 0 0.5084025 0 0 6.2881393 0 0 8.768962 0 0 4.415262 0 0 0.1682774 0 0 3.0060577 1.0837982 0 0.44046682 0.8457827 1.3570732 0 0 0 0 0 0 0 0 0 0 0 0 0 0 0 0 0 0.23566568 0 0 0.1113558 1.1814423 0 0 0 0 2.7977645 0 0 0
"PMLV01" 0 0.1879826 2.5775125 0 0.31336612 8.236422 0 0.28516823 2.434126 0 0.21912257 4.4270654 0 0.07060417 2.3865616 0 0.17062476 3.6325881 1.3089529 0.06227041 1.1892575 0.58239216 0 0.5591376 0 0 0.057799656 0 0.062230494 0.9367033 0 0 0 0.25914896 0 0 0.8435119 0.1261131 0 0.48819405 0.61345685 0.05862345 0 0.29629672 1.2222612 0 1.1354547 0 0.6186667 2.5220218 0 0 0.5654527
"20120700_P3D_25" 0 0 1.3815551 0 0 0.26292542 0 0 0.059810355 0 0 0.39630446 0 0 0 0 0 1.1495802 0 0 0 0.12955669 0.083664946 0 0 0 0 0 0 0 0 0 0 0 0 0 0 0 0 0 0 0 0 0 1.3175681 0 0 0 0 0.15647514 0 0 0.3948206
"PMTF01" 0 0.11254055 1.4170924 0 0 79.92646 0 0.12350683 9.792456 0.07347233 0.06414161 46.77371 0 0 34.49945 0 0 1.1553345 0.5736175 0 0.32289743 12.053573 0 0 0 0 0 0 0 0 0 0 0 0 0 0 0.6235309 0.06253579 0 0.63248336 0.6013223 0 0 0.104948446 5.370191 0 0 0 3.98978 57.078392 0 0 8.008297
"20110800_P1D_22" 0 0 0.99036413 0 0 0.20899571 0 0 0.21167919 0 0 2.732219 0 0 1.6906725 0 0 0 0 0 0 6.0257144 0.14359728 0 0 0 0 0 0 0 0 0 0 0 0 0 0 0 0 0.16564332 0 0 0 0 0.14327282 0 0 0 0.08650648 1.0368795 0 0 2.0888493
"20110700_P2D_30" 0 0 0.8919924 0 0 17.419424 0 0 29.159008 0 0 19.930538 0 0 5.7633986 0 0 0.6328045 6.9329977 0 1.1041499 4.310628 0 0 0 0 0 0 0 0.41039887 0 0 0 0 0 0 2.1660438 0.29515088 0 0.55914694 7.6967735 0 0 0.56833327 4.639862 0 0.3945593 0 0.36570722 12.079567 0 0 3.5719814
"20120700_P3D_136" 0 0 1.0590401 0 0 7.652571 0 0 0.15441592 0 0 2.576481 0 0 0.10639445 0 0 4.036543 0 0 0.06899427 7.4870296 0 0 0 0 0 0 0 0 0 0 0 0 0 0 0 0 0 0 0 0 0 0 0.19920464 0 0 0 0 16.619692 0 0 0
"20110800_P2D_12" 0 0 2.8951833 0 0 10.413725 0 0 0 0 0 0 0 0 0 0 0 1.651541 0 0 0 5.1177583 2.9184325 0 0 0 0 0 0 0 0 0 0 0 0 0 0 0 0 0 0 0 0 0 0.9376014 0 0 0 0 0.28044957 0 0 0.056452792
"20120700_P3D_38" 0 0.10604115 0.629835 0 0 2.929569 0 0 3.343076 0 0 0.5835126 0 0 0.8754605 0 0 0.7742238 0.33873004 0 0 2.286296 4.198066 0 0 0 0 0 0 0 0 0 0 0 0 0 0.24477829 0 0 0.2926692 0 0 0 0.12460777 2.5178285 0 0 0 1.2894735 3.9868886 0 0 0.7488248
"20120700_P3D_84" 0 0.88114274 2.1046197 0 0 37.717846 0 0.119869255 5.0765443 0 0 2.9845257 0 0 3.4833255 0 0 24.240145 0.325008 0 0.114999615 6.9475408 3.6234639 0 0 0 0 0 0 0 0 0 0 0 0 0 4.046047 0.6114921 0 1.0725949 0.17512767 0 0 1.1595495 8.95255 0 0.094230756 0 3.9961138 35.756466 0.10707218 0 4.5044026
"20120700_P3D_5" 0 0 6.613466 0 0 0.26966822 0 0 0 0 0 0 0 0 0 0 0 16.505775 0 0 0 2.740792 0.31116447 0 0 0 0 0 0 0 0 0 0 0 0 0 0 0 0 0 0 0 0 0 0.312786 0 0 0 0 0.19431038 0 0 0
"20110600_P1M_17" 0 0 0.4307169 0 0 19.720219 0 0 8.136197 0 0 4.32166 0 0 0.14074174 0 0 0.9777547 0.15547284 0 0 2.6544924 0.30228734 0 0 0 0 0 0 0.12078099 0 0 0 0.15158923 0 0 0.37247577 0 0 0.23262776 0.09247747 0 0 0.3787314 21.85795 0 0.24345554 0 0.18034151 34.20556 0 0 3.2140539
"20120700_P3D_40" 0.28930527 1.8004394 1.3531641 2.0560174 2.0598168 0.313558 0.77552634 5.729583 0.9800253 0.5767292 5.3867207 0.535554 0.32107794 8.437365 1.2537371 0.60396 2.522174 1.1051189 0.60253495 2.2876556 0.22851664 1.4197727 1.339286 1.6987183 1.4011105 2.3740406 3.9361243 0.38755563 3.1690936 1.1414515 1.3591735 1.3124202 3.5517273 2.89942 0.1485901 0.75617635 0.3418031 2.0122602 2.6702766 1.8730773 1.015463 2.755172 1.860248 3.0209901 0.6663638 4.0998716 1.1634196 0.95281285 0.47667804 0.90320116 2.8966365 2.4291112 2.034667
"20111000_P3M_44" 0 0 8.423144 0 0 5.586382 0 0 0.33720365 0 0 1.18109 0 0 0 0 0 3.527714 0 0 0.086692214 0.8896508 7.9805207 0 0 0 0 0 0 0 0 0 0 0 0 0 0 0 0 0 0 0 0 0 0.80567497 0 0 0 0 1.4653714 0 0 0
"20120500_P28_12" 0 0 3.079671 0 0 5.325153 0 0 0 0 0 0.38412744 0 0 0 0 0 1.6668527 0 0 0 1.0564685 10.398603 0 0 0 0 0 0 0 0 0 0 0 0 0 0 0 0 0 0 0 0 0 0.98914874 0 0 0 0 2.0216355 0 0 0
"20120700_P1D_3" 0 0 0.14568275 0 0 135.90865 0 0 1.2428474 0.080750264 0 75.91612 0 0 0 0 0 2.9855466 0 0 1.3378984 6.9869227 0 0 0 0 0 0 0 0 0 0 0 0 0 0 0.31481722 0 0 0 0 0 0 0.61662066 10.499668 0 0 0 0 4.1950645 0 0 0.7531319
"20120700_P3D_119" 0 0 2.7862425 0 0.1982649 4.1891146 0 0 0.2939155 0 0 0.651631 0 0 0.20064367 0 0 1.7171128 0.13021918 0 0 0.4796693 1.2594404 0 0 0 0 0 0 0.12759764 0 0 0 0 0 0 0.20481317 0 0 0.073719665 0 0 0 0 1.250825 0 0.29496542 0 2.2554264 6.89485 0 0 0.8214953
"20120500_P25_12" 0 0.06134749 1.381642 0 0 12.083708 0 0 0.83111376 0 0 1.3805268 0 0 0 0 0 6.4999475 0 0 0 2.509732 3.0566592 0 0 0 0 0 0 0 0 0 0 0 0 0 0 0 0 0 0 0 0 0 3.3710914 0 0 0 0.20385769 6.5351715 0 0 0.5942964
"20120700_P3D_71" 0 0 1.4321072 0 0 3.290022 0 0 0 0 0 0 0 0 0 0 0 1.0116225 0 0 0 0.43673775 0.29297602 0 0 0 0 0 0 0 0 0 0 0 0 0 0.082551844 0 0 0 0 0 0 0 1.8499427 0 0 0 0 0.092783906 0 0 0.0897502
"20110700_P2D_7" 0 0 0.90897614 0 0 20.672503 0 0 0 0 0 0.09989451 0 0 0 0 0 2.0197458 0 0 0 0.39872855 0 0 0 0 0 0 0 0 0 0 0 0 0 0 0 0 0 0 0 0 0 0 1.2609465 0 0 0 0 5.2734756 0 0 0.21216698
"PLBY01" 0 0.066792525 15.47895 0 0 0.3681136 0 0 0.12951018 0 0 0.07931071 0 0 0 0 0 3.706816 0 0 0 0.16990168 5.124762 0 0 0 0 0 0 0 0 0 0 0 0 0 0 0 0 0 0 0 0 0 0.3596771 0 0 0 0 0.29673502 0 0 0
"20120700_P3D_33" 0 0.20365101 2.7600563 0 0.38313705 1.4596307 0 0.19702874 1.5302607 0 0 0.51172364 0 0 1.357867 0 0 0.8195308 0 0 0 5.2527137 0.112538494 0 0 0 0 0 0 0.09761312 0 0 0 0 0 0 1.253709 0.15182093 0 1.4468269 0 0 0 0.93525434 2.4420402 0 0.41072828 0 3.685172 4.917523 0 0 1.3675776
"20120700_P3D_46" 0 0 0.37919638 0 0 2.7586818 0 0 0.31261116 0 0 0.22586559 0 0 0 0 0 1.3390626 0 0 0 5.582298 0 0 0 0 0 0 0 0 0 0 0 0 0 0 0 0 0 0.13705012 0 0 0 0 1.0559149 0 0 0 0.4567969 3.6676013 0 0 0
"20110800_P1M_19" 0 0.13425004 5.1134987 0 0 0.2916656 0 0 0.14454432 0 0 0.11434339 0 0 0 0 0 0.2897457 0 0 0 6.3422036 2.302241 0 0 0 0 0 0 0 0 0 0 0 0 0 0 0 0 0 0 0 0 0 1.7126602 0 0 0 0 0.6873859 0 0 0.18449967
"20120700_P3D_11" 0 0 0.60785216 0 0.08759749 0.709071 0 0.1433591 0.39331383 0 0 0.23806344 0 0 0.3021452 0 0 0.56920844 0.101011164 0 0 1.3580343 0 0 0 0 0 0 0 0 0 0 0 0.3395997 0 0 0.42421412 0 0 0.39001107 0 0 0 0.85337305 0.71369153 0 0.25775233 0 0.43840075 0.7444917 0 0 0.5567743
"20120700_P3D_83" 0.061161596 0.15114133 0.27977 0 0.12588732 0 0 0.2886406 12.18661 0.0977932 0.24483633 6.1237288 0.08365932 0.10548527 0.18600054 0.062147602 0.11418478 2.3658135 0.16691217 0.10331847 0 5.5848184 0 0.13758501 0.15199627 0.07095342 0.10868594 0 0 0 0 0 0 0.122682564 0.09937217 0.060608193 0.092147894 0.06213688 0.103809506 0.09037565 0.4357029 0.24384761 0.07295503 0 2.6377528 0.10738767 0.1065883 0 0.12887357 6.2896833 0.15049098 0.17584527 4.6712956
"20160700_P15_9" 0 0 1.7246399 0 0 1.1022867 0 0 10.157396 0 0 0.72121805 0 0 1.2856648 0 0 0 0 0 0 4.273117 0 0 0 0 0 0 0 0.15567742 0 0 0 0.09794763 0 0 15.852354 2.6039584 0 1.2261783 0.11033086 0 0 0.52293015 6.904409 0 6.8173 0 0.6115539 3.350356 0 0 1.8399842
"20120700_P3D_143" 0 0.107446425 0.6900166 0 0 4.900617 0 0 0.22941402 0 0 1.3109938 0 0 0 0 0 2.4042134 0 0 0 5.3007665 0 0 0 0 0 0 0 0 0 0 0 0 0 0 0 0 0 0 0 0 0 0 1.902561 0 0 0 1.6195481 18.079536 0 0 1.7485998
"20111000_P1M_5" 0 0.18568608 1.9149827 0 0.1292985 0.7676568 0 1.0696493 24.005322 0 0 0.49743176 0 0 17.401978 0 0.12828204 0 0 0 0 1.83172 0 0 0 0 0 0 0 0 0 0 0 0 0 0 5.6275516 0.8422846 0 2.0664427 0 0 0 4.2095537 3.1675534 0 0.16060546 0 0.3221323 1.7016144 0 0 16.867537
"20110800_P2D_9" 0 0.18020755 0.360416 0 0.091085434 1.9390674 0 0 7.085837 0 0 1.4261994 0 0 2.4970562 0 0 1.2100835 0.29786015 0 0 7.907107 0.062554285 0 0 0 0 0 0 0.34129813 0 0 0 0.21713087 0 0 1.4770597 0.20073535 0 0.6905138 0.9907261 0 0 0.7252019 2.3695161 0 1.0347056 0 1.1273795 2.9449122 0 0 1.8640646
"20110800_P1M_9" 0 0.098521106 40.67249 0 0 41.10291 0 0 0.092403844 0 0 0.14286159 0 0 0 0 0 40.902946 0 0 0 15.163142 18.713251 0 0 0 0 0 0 0 0 0 0 0 0 0 0 0 0 0 0 0 0 0 11.715722 0 0 0 0 28.136387 0 0 0.064896785
"20120700_P3D_74" 0 0.18499452 1.2605158 0 0 2.3987002 0 1.6096314 3.0468535 0 2.2093682 1.5237257 0 0 0.25688067 0 0.99631697 0.8072029 0.17605777 0 0 0.30079484 0 0 0 0 0 0 0.24442026 0.24936321 0 0 0.15631005 0.18983904 0 0 2.0818307 0.27451748 0 1.1259512 0.061012737 1.0521476 0.081086956 4.248854 1.8352786 0.0631201 0.735648 0 0.084036134 2.0124106 0 0.10817016 2.1773293
"PLZA01" 0 0 13.614453 0 0 20.660246 0 0 0.095571 0 0 0.17724848 0 0 0 0 0 12.760791 0 0 0 1.2245916 1.8242551 0 0 0 0 0 0 0 0 0 0 0 0 0 0 0 0 0 0 0 0 0 0.7536003 0 0 0 0 16.28725 0 0 0
