"genome" "711_E-1-S" "711_E-1-M" "711_E-1-D" "711_E-2-S" "711_E-2-M" "711_E-2-D" "711_E-3-S" "711_E-3-M" "711_E-3-D" "711_P-1-D" "711_P-2-D" "711_P-3-D" "711_S-1-D" "711_S-2-M" "711_S-2-D" "711_S-3-M" "712_E-1-M" "712_E-1-D" "712_E-2-S" "712_E-2-M" "712_E-2-D" "712_E-3-S" "712_E-3-M" "712_E-3-D" "712_P-1-D" "712_P-3-D" "712_S-1-D" "712_S-1-X" "712_S-2-D" "712_S-2-X" "712_S-3-D" "712_S-3-X" "713_E-1-S" "713_E-1-M" "713_E-1-D" "713_E-1-X0" "713_E-1-X1" "713_E-2-S" "713_E-2-M" "713_E-2-D" "713_E-2-X0" "713_E-2-X1" "713_E-3-S" "713_E-3-M" "713_E-3-D" "713_E-3-X0" "713_E-3-X1" "713_P-1-X1" "713_P-3-X1" "713_S-1-M" "713_S-1-D" "713_S-1-X0" "713_S-1-X1" "713_S-2-M" "713_S-2-D" "713_S-2-X0" "713_S-3-D" "713_S-3-X0" "713_S-3-X1" "714_E1_1-5" "714_E1_5-9" "714_E1_20-24" "714_E1_30-34" "714_E2_1-5" "714_E2_5-9" "714_E2_20-24" "714_P1_20-24" "714_P1_30-34" "714_S1_10-14" "714_S1_20-24" "714_S1_30-34" "714_S2_20-24" "714_S3_10-14" "714_S3_20-24" "714_S3_30-34" "715_E1_1-5" "715_E2_1-5" "715_E2_20-24" "715_E2_30-34" "715_E3_1-5" "715_E3_10-14" "715_E3_20-24" "715_E3_30-34" "715_S1_10-14" "715_S1_20-24" "715_S1_30-34" "715_S2_20-24" "715_S2_30-34" "715_S3_20-24" "715_S3_30-34" "716_E1_1-5" "716_E1_10-14" "716_E1_20-24" "716_E1_30-34" "716_E3_1-5" "716_E3_10-14" "716_E3_30-34" "716_P2_30-34" "716_P3_30-34" "716_S1_10-14" "716_S1_20-24" "716_S1_30-34" "716_S2_20-24" "716_S2_30-34" "716_S3_20-24" "716_S3_30-34" "717_E2_1-5" "717_E2_10-14" "717_E2_20-24" "717_E3_1-5" "717_E3_10-14" "717_E3_30-34" "717_P2_20-24" "717_S2_10-14" "717_S2_20-24" "717_S2_30-34" "717_S3_10-14" "717_S3_20-24"
"20120800_E3X_29" 0 0 0.20884939 0.117128186 0.30520684 0.37934256 0.3534511 0.12531713 0.122218475 0 0 0 0 0 0 0 0.28958258 0.27619335 0 0 0.5005617 0.5114303 0.07379869 0.40835136 0 0 0 0 0 0 0 0 0 0 0 3.7217612 0.4784195 0 0 0 0.30227906 0.8468162 0 0.07320892 2.4365013 2.52232 2.3465633 0 0 0 0 0 0 0 0 0 0 0 0 0.16854832 0.58977634 0.16410865 0.24944066 0.091913104 0 0.6658101 0 0.11998811 0 0 0 0 0 0 0 0.15304106 0.2786554 0.12214359 0.76391816 0 0 0.19697438 0.6589294 0 0 0 0 0 0 0 0 0.09512409 0.14110756 0.36286405 0 0.09285861 0.43950862 0 0 0 0 0 0 0 0 0 0.05823995 0 0.2277408 0 0.059290778 0.5595669 0 0 0 0 0 0
"20120800_E1X_21" 0 0 0 0 0 0 0 0 0 0 0 0 0 0 0 0 0 0 0 0 0 0 0 0 0 0.5597179 0 0 0 0 0 0 0 0 0 1.2939824 6.4144015 0 0 0 0 0.88106406 0 0 1.2893335 0.54172045 2.750803 0 0 0 0 0 0 0 0 0 0 0 0 0 0 0 0 0 0 0 0 3.8551593 0 0 0 0 0 0 0 0 0 0 0 0 0 0 0 0 0 0 0 0 0 0 0 0 0 0 0 0 0 0 0 0 0 0 0 0 0 0 0 0 0 0 0 0 0 0 0 0 0 0
"20110800_E3D_4" 0 0 0.06370254 0 0 0 0 0 0 0 0 0 0 0 0 0 0.06444635 0.11015241 0 0 0 0 0 0 0 0 0 0 0 0 0 0 0 0 0 1.4522277 9.09558 0 0 0 0 7.7505836 0 0 3.9908543 2.4775176 0.9913046 0 0 0 0 0 0 0 0 0 0 0 0 0 0 0.18129577 0.11125695 0 0 0.0816503 0 0 0 0 0 0 0 0 0 0 0 0 0 0 0.107915685 0 0 0 0 0 0 0 0 0 0 0 0 0 0 0 0 0 0 0 0 0 0 0 0 0 0 0 0 0 0 0 0 0 0 0 0 0
"3300038461_13" 0 0 0 0 0 0 0 0 0 0 0 0 0 0 0 0 0 0 0 0 0 0 0 0 0 0 0 0 0 0 0 0 0 0 0 2.676995 0 0 0 0 10.476147 0.92660713 0.09413808 0.13609041 1.7803711 2.7175179 0.23472485 0 0 0 0 0 0 0 0 0 0 0 0 0 0 0 0 0 0 0 0 0 0 0 0 0 0 0 0 0 0 0 0.47739598 0 0 0 0.5809332 0 0 0 0 0 0 0 0 0 0.34480295 1.8309195 0 0 0 0 0 0 0 0 0 0 0 0 0 0 0 0 0 0 0 0 0 0 0 0
"3300037090_15" 0 0 0.38905454 0 0 0.57128954 0 0 0.11340451 0 0 0 0 0 0 0 0.22849642 1.2228831 0 0 0.7097897 0 0 0.43453377 0 0 0 0 0 0 0 0 0 0 0.118189596 9.728305 3.6456864 0 0 0 0.39006877 3.26269 0 0.14373034 6.2023067 7.9906197 6.0597715 0 0 0 0 0 0 0 0 0 0 0 0 0 0.53279185 0.5708224 1.635542 0 0.16119327 0.52514917 0 0 0 0 0 0 0 0 0 0.099657424 0 0.22568677 0.17490235 0 0 0.08928409 0.11637218 0 0 0 0 0 0 0 0 0.060201544 0.1280338 0.1622165 0 0.079379864 0.24704258 0 0 0 0 0 0 0 0 0 0 0 0.060912706 0 0 0.102812134 0 0 0 0 0 0
"3300037132_13" 0 0 0 0 0.085309856 0 0 0 0 0 0 0 0 0 0 0 0 0 0 0 0.07279591 0 0 0 0 0.19654436 0 0 0 0 0 0 0 0.059167564 0 0.8387315 0.098186724 0 0 0 0.3266381 4.2559495 0 0 1.7485812 2.667932 0.12049034 0 0 0 0 0 0 0 0 0 0 0 0 0 0 0 0 0 0 0 0 0 0 0 0 0 0 0 0 0 0 0 0.06361433 0 0 0.07197915 0 0 0 0 0 0 0 0 0 0 0 0.13236226 0 0 0.05605284 0 0 0 0 0 0 0 0 0 0 0 0 0 0 0 0 0 0 0 0 0
"PLNS01" 0 0 0 0 0 0 0 0 0 0 0 0 0 0 0 0 0 0 0 0 0 0 0 0 0 0 0 0 0 0 0 0 0 0 0 0 0.066799894 0 0 0 0 0.0866994 0 0 0.18012868 0.10883677 7.7862854 0 0 0 0 0 0 0 0 0 0 0 0 0 0 0 0 0 0 0 0 0 0 0 0 0 0 0 0 0 0 0 0 0 0 0 0 0 0 0 0 0 0 0 0 0 0 0 0 0 0 0 0 0 0 0 0 0 0 0 0 0 0 0 0 0 0 0 0 0 0 0
"20110800_E3D_36" 0 0 0 0 0 0 0 0 0 0 0 0 0 0 0 0 0 0 0 0 0 1.4303223 0.07157371 0.09232337 0 0 0 0 0 0 0 0 0 0 0 0 0 0 0 0 3.2997494 4.0962715 0 0.093456246 9.586709 0.4427502 0.14924027 0 0 0 0 0 0 0 0 0 0 0 0 0 0 0 0 0 0 0 0 0 0 0 0 0 0 0 0 0 0 0 0 0 0 0 0 0 0 0 0 0 0 0 0 0 0 0 0 0 0 0 0 0 0 0 0 0 0 0 0 0 0.078569785 0 0 0 0 0 0 0 0 0
"20120700_E1X_4" 0 0 0 0 0 0 0 0 0 0 0 0 0 0 0 0 0 0 0 0 0 0.33883724 0 0 0 0 0 0 0 0 0 0 0 0 0 0 0 0 0 0 0.6696581 0.38612548 0 0 0.8314374 0 0 0 0 0 0 0 0 0 0 0 0 0 0 0 0 0 0 0 0 0 0 0 0 0 0 0 0 0 0 0 0 0 0 0 0 0 0.110666454 0 0 0 0 0 0 0 0 0 0 0 0 0 0 0 0 0 0 0 0 0 0 0 0 0 0.41071895 0 0 0 0 0 0 0 0 0
"20120800_E2X_5" 0 0 0 0 0 0 0 0 0 0 0 0 0 0 0 0 0 0 0 0 0 0 0 0 0 0 0 0 0 0 0 0 0 0 0 5.3581777 22.074717 0 0 0 0 2.009267 0 0 4.8342695 9.334716 13.369188 0 0 0 0 0 0 0 0 0 0 0 0 0 0 0 0 0 0 0 0 0 0 0 0 0 0 0 0 0 0 0 0 0 0 0 0 0 0 0 0 0 0 0 0 0 0 0 0 0 0 0 0 0 0 0 0 0 0 0 0 0 0 0 0 0 0 0 0 0 0 0
"20110800_E3D_10" 0 0 0 0 0 0 0 0 0 0 0 0 0 0 0 0 0 0 0 0 0 0 0 0 0 0 0 0 0 0 0 0 0 0 0 3.8972564 0.48272163 0 0 0 0.1737668 2.4115448 0 0 2.934301 2.4354532 1.0413184 0 0 0 0 0 0 0 0 0 0 0 0 0 0 0 0 0 0 0 0 0 0 0 0 0 0 0 0 0 0 0 0 0 0 0 0 0 0 0 0 0 0 0 0 0 0 0 0 0 0 0 0 0 0 0 0 0 0 0 0 0 0 0 0 0 0 0 0 0 0 0
"20120700_P3D_99" 0 0 0 0 0 0 0 0 0 0 0.058426317 0 0 0 0 0 0 0 0 0 0 0 0 0 0 1.1176407 0 0 0 0 0 0 0 0 0 0 0 0 0 0 0 0.29289773 0 0 0.18168478 0.22236376 0.060687102 0 0 0 0 0 0 0 0 0 0 0 0 0 0 0 0 0 0 0 0 1.2177372 0 0 0 0 0 0 0 0 0 0 0 0 0 0 0 0 0 0 0 0 0 0 0 0 0 0 0 0 0 0 0 0 0 0 0 0 0 0 0 0 0 0 0 0 0 0 0 0 0 0
"20110800_E2D_31" 0.20051293 0.30323574 0.08182323 0.26633653 0.9228319 0.4951498 0.45723683 0.4537899 0.16138588 0 1.1497365 0 0 0.26666284 1.1990137 0 0.65489745 0.1692028 0.30732352 0.23528007 0.6273425 0 0.10178591 0.33293536 0.26729277 1.1813939 0 1.6629206 0 2.345181 0 0 0.41832647 0.5091064 0.27169928 3.081777 1.9211395 0 0.07281575 0.07111034 0.4311786 2.1214736 0.18537083 0.06528355 1.9710677 2.8233109 1.5918006 0 0 0 0 0 0.17966373 0 0.54642177 1.583455 0 0 0 0.3227894 0.7105831 0.6469844 0.91235375 0.26283878 0.27269793 0.2357189 0 7.477831 0 0.70505863 2.2886703 0 0 0 0 0.14708705 0.06977952 0.1301585 0.07867739 0 0.5539804 0.28084913 0.19385841 0 0 0.73045087 0 1.3531437 0.4455967 1.0294447 0.081834994 0.13764156 0.098254144 0.28870383 0 0.12114052 0.086821884 0 0 0 0 0.11408076 0 0.3825687 0.10358456 2.669332 0.25011894 0.54112744 0.09863462 0.17173636 0.28095075 0 0 0 0 0.8134575 0 0.9954406
"20110800_E2D_6" 0 0 0 0 0.061537728 0 0.09322233 0 0 0 0 0 0 0 0 0 0 0 0.083948776 0 0 0 0 0 0 0 0 0 0 0 0 0 0 0 0 1.1492436 7.115727 0 0 0 0 2.4641042 0 0 1.2990131 2.378733 3.172919 0 0 0 0 0 0 0 0 0 0 0 0 0 0.06682178 0 0 0 0 0 0 4.2953553 0 0 0 0 0 0 0 0 0 0 0 0 0.06121985 0 0 0 0 0 0 0 0 0 0 0 0 0 0 0 0 0 0 0 0 0 0 0 0 0 0.10805773 0.12573701 0 0 0 0 0 0 0 0 0 0
"20110800_E3D_5" 0 0.10417397 0 0 0.092290744 0.08555728 0 0 0.52385104 0 0 0 0 0 0 0 0 1.7303771 0 0 0.14970636 0 0 0.12697558 0 0 0 0 0 0 0 0 0 0 0.056248195 1.9710644 0.5513417 0 0 0 1.0515323 3.7110841 0.099362604 0 7.0084877 16.641592 1.4764569 0 0 0 0 0 0 0 0 0 0 0 0 0 0 0.09536737 6.2638907 0 0 0.25292426 0 0 0 0 0 0 0 0 0 0 0 0 0 0 0 0 0.44630706 0 0 0 0 0 0 0 0 0 0.15155761 0.41490787 0 0 0.06117139 0 0 0 0 0 0 0 0 0 0 0 0 0 0 0 0 0 0 0 0 0
"20120700_P3D_55" 0 0 0 0 0 0 0 0.12775743 0 0 0.07078356 0 0 0 0 0 0 0 0 0 0 0 0 0 0 1.2957013 0 0 0 0 0 0 0 0 0 7.6593256 1.5194542 0 0 0 0.4882181 1.7061878 0 0 10.445263 5.264569 0.7397295 0 0 0 0 0 0 0 0 0 0 0 0 0 0 0 0.09809305 0 0 0 0 0 0 0 0 0 0 0 0 0 0 0 0 0 0.07498014 0 0 0 0 0 0 0 0 0 0 0 0 0 0 0 0 0 0 0 0 0 0 0 0 0 0 0.06425206 0.0687793 0 0 0 0 0 0 0 0 0
"20120800_E3X_6" 0 0 0 0 0 0 0 0 0 0 0 0 0 0 0 0 0 0 0 0 0 0 0 0 0 0 0 0 0 0 0 0 0 0 0 1.5555894 2.758823 0 0 0 0 0.20727941 0 0 1.3127857 1.2742786 4.7180204 0 0 0 0 0 0 0 0 0 0 0 0 0 0 0 0 0 0 0 0 0 0 0 0 0 0 0 0 0 0 0 0 0 0 0 0 0 0 0 0 0 0 0 0 0 0 0 0 0 0 0 0 0 0 0 0 0 0 0 0 0 0 0 0 0 0 0 0 0 0 0
"20120500_P19_10" 0 0 0 0 0 0 0 0 0 0 0 0 0 0 0 0 0 0 0 0 0 0 0 0 0 0 0 0 0 0 0 0 0 0 0 0.55346084 3.0556254 0 0 0 0 0.5475847 0 0 1.6484905 2.5310507 5.677788 0 0 0 0 0 0 0 0 0 0 0 0 0 0 0 0 0 0 0 0 3.6644986 0 0 0 0 0 0 0 0 0 0 0 0 0 0 0 0 0 0 0 0 0 0 0 0 0 0 0 0 0 0 0 0 0 0 0 0 0 0 0 0 0 0 0 0 0 0 0 0 0 0
"20110800_E3D_26" 0 0 0 0 0 0 0 0 0 0 0 0 0 0 0 0 0 0 0 0 0 0 0 0 0 0 0 0 0 0 0 0 0 0 0 1.5544726 23.295246 0 0 0 0 24.191597 0 0 27.781734 34.805157 58.890766 0 0 0 0 0 0 0 0 0 0 0 0 0 0 0 0 0 0 0 0 1.0159528 0 0 0 0 0 0 0 0 0 0 0 0 0 0 0 0 0 0 0 0 0 0 0 0 0 0 0 0 0 0 0 0 0 0 0 0 0 0 0 0 0 0 0 0 0 0 0 0 0 0
"20130700_C2X_3" 0 0 0 0 0 0 0 0 0 0 0 0 0 0 0 0 0 0 0 0 0 0 0 0 0 0 0 0 0 0 0 0 0 0 0 7.0506783 2.094156 0 0 0 0 14.233056 0 0 14.832775 18.38284 1.0650731 0 0 0 0 0 0 0 0 0 0 0 0 0 0 0 0 0 0 0 0 0.306843 0 0 0 0 0 0 0 0 0 0 0 0 0 0 0 0 0 0 0 0 0 0 0 0 0 0 0 0 0 0 0 0 0 0 0 0 0 0 0 0 0 0 0 0 0 0 0 0 0 0
"3300038461_5" 0 0 0 0 0 0 0 0 0.17331648 0 0 0 0 0 0 0 0 0 0 0 0.07521591 1.6042169 0.06873905 0.09614187 0 0 0 0 0 0 0 0 0 0 0 1.2225481 0.097612046 0 0 0 3.4812083 0.47254568 0 0.28213122 0.20839475 0.43611082 0.0943087 0 0 0 0 0 0 0 0 0 0 0 0 0 0 0 0 0 0 0 0 0 0 0 0 0 0 0 0 0 0 0 0.26557472 0 0 0 2.029307 0 0 0 0 0 0 0 0 0 0 3.383633 0 0 1.6564885 0 0 0 0 0 0 0 0 0 0 0.2045615 1.5517336 0 0 1.3470787 0 0 0 0 0 0
"3300037104_11" 0 0 0 0 0 0 0 0 0 0 0 0 0 0 0 0 0 0 0 0 0 0 0 0 0 0 0 0 0 0 0 0 0 0 0 0 0.5334144 0 0 0 0 0.69517756 0 0 0.2081752 1.3533659 1.3594307 0 0 0 0 0 0 0 0 0 0 0 0 0 0 0 0 0 0 0 0 0 0 0 0 0 0 0 0 0 0 0 0 0 0 0 0 0 0 0 0 0 0 0 0 0 0 0 0 0 0 0 0 0 0 0 0 0 0 0 0 0 0 0 0 0 0 0 0 0 0 0
"20120800_E1X_12" 0 0 0 0 0 0 0 0 0 0 0 0 0 0 0 0 0 0.75079185 0 0 0.12028693 0.1701323 0 0.22536506 0 0 0 0 0 0 0 0 0 0 0 0.78337884 2.5322893 0 0 0 0 1.3820002 0 0 2.1802783 1.4175733 0.78787005 0 0 0 0 0 0 0 0 0 0 0 0 0 0 0 0.071681656 0 0 0 0 0 0 0 0 0 0 0 0 0 0 0 0.45496535 0 0 0 1.0830985 0 0 0 0 0 0 0 0 0 0 0.39941096 0 0 0.21735834 0 0 0 0 0 0 0 0 0 0 0.1286785 0.7160059 0 0 0.089527845 0 0 0 0 0 0
"3300037089_15" 0 0 0 0 0 0 0 0 0 0 0 0 0 0 0 0 0 0 0 0 0 0 0 0 0 0 0 0 0 0 0 0 0 0 0 7.826906 2.143336 0 0 0 0.2756308 2.2719767 0 0 2.9097435 0.5695354 1.5425084 0 0 0 0 0 0 0 0 0 0 0 0 0 0 0 0 0 0 0 0 0 0 0 0 0 0 0 0 0 0 0 0 0 0 0 0 0 0 0 0 0 0 0 0 0 0 0 0 0 0 0 0 0 0 0 0 0 0 0 0 0 0 0 0 0 0 0 0 0 0 0
"20120800_E3X_26" 0 0 0 0 0 0 0 0 0 0 0 0 0 0 0 0 0 0 0 0 0 0 0 0 0 0 0 0 0 0 0 0 0 0 0 0.34145644 2.648296 0 0 0 0 1.0135319 0 0 0.4807014 0.2816123 0.3867353 0 0 0 0 0 0 0 0 0 0 0 0 0 0 0 0 0 0 0 0 0 0 0 0 0 0 0 0 0 0 0 0 0 0 0 0 0 0 0 0 0 0 0 0 0 0 0 0 0 0 0 0 0 0 0 0 0 0 0 0 0 0 0 0 0 0 0 0 0 0 0
"20120800_E3X_23" 0 0 0 0 0 0 0 0 0 0 0 0 0 0 0 0 0 0 0 0 0 0 0 0 0 0 0 0 0 0 0 0 0 0 0 0.12049014 0 0 0 0 0 2.0429788 0 0 0.7448795 0.5421431 4.4786315 0 0 0 0 0 0 0 0 0 0 0 0 0 0 0 0.85104233 0 0 0 0 0 0 0 0 0 0 0 0 0 0 0 0 0 0 0 0 0 0 0 0 0 0 0 0 0 0 0 0 0 0 0 0 0 0 0 0 0 0 0 0 0 0 0 0 0 0 0 0 0 0 0
"PLLH01" 0 0 0 0 0 0 0 0 0 0 0 0 0 0 0 0 0 0 0 0 0 0 0 0 0 0 0 0 0 0 0 0 0 0 0 0.70823604 0.44782436 0 0 0 0 0 0 0 1.6949489 1.6423705 3.1342912 0 0 0 0 0 0 0 0 0 0 0 0 0 0 0 0 0 0 0 0 0 0 0 0 0 0 0 0 0 0 0 0 0 0 0 0.100034766 0 0 0 0 0 0 0 0 0 0 0 0 0 0 0 0 0 0 0 0 0 0 0 0 0 0.06197203 0 0 0 0 0 0 0 0 0
"3300036884_7" 0 0 0 0 0 0 0 0 0 0 0 0 0 0 0 0 0 0 0 0 0 0 0 0 0 0 0 0 0 0 0 0 0 0 0 0.3562115 15.611419 0 0 0 0 5.680144 0 0 0.37411177 1.0316669 1.9524789 0 0 0 0 0 0 0 0 0 0 0 0 0 0 0 0 0 0 0 0 0 0 0 0 0 0 0 0 0 0 0 0 0 0 0 0 0 0 0 0 0 0 0 0 0 0 0 0 0 0 0 0 0 0 0 0 0 0 0 0 0 0 0 0 0 0 0 0 0 0 0
"20110800_E2D_26" 0 0 0 0 0 0 0 0 0 0 0 0 0 0 0 0 0 0 0 0 0 0 0 0 0 0 0 0 0 0 0 0 0 0 0 1.265975 0.5055571 0 0 0 0 0.5648247 0 0 3.787406 2.0343232 3.0145125 0 0 0 0 0 0 0 0 0 0 0 0 0 0 0 0 0 0 0 0 0 0 0 0 0 0 0 0 0 0 0 0 0 0 0 0 0 0 0 0 0 0 0 0 0 0 0 0 0 0 0 0 0 0 0 0 0 0 0 0 0 0 0 0 0 0 0 0 0 0 0
"20110800_E3D_35" 0 0 0 0 0 0 0 0 0 0 0 0 0 0 0 0 0 0 0 0 0 0 0 0 0 0 0 0 0 0 0 0 0 0 0 6.2094445 6.1873446 0 0 0 0.43720624 5.7308884 0 0 5.8435097 4.0473156 3.7755418 0 0 0 0 0 0 0 0 0 0 0 0 0 0 0 0 0 0 0 0 0 0 0 0 0 0 0 0 0 0 0 0 0 0 0 0 0 0 0 0 0 0 0 0 0 0 0 0 0 0 0 0 0 0 0 0 0 0 0 0 0 0 0 0 0 0 0 0 0 0 0
"PLLM01" 0 0.14659657 0.10538632 0.15003651 0.20184289 0.11451219 0.12676883 0.14802618 0.66291887 0 0 0 0 0 0 0 0 0 0 0.059613857 0.7650859 0.23341133 0.14722301 0.7794952 0 0 0 0 0 0 0 0 0 0 0 4.9080825 0.64063656 0.13140202 0 0.17837064 0.5451588 0.80505675 0.07604885 0.44196397 0.8920742 0.24545792 0.11363766 0 0 0 0 0 0 0 0 0 0 0 0 0 0 0 0.098124765 0 0 0.13849232 0 0 0 0 0 0 0 0 0 0.14698261 0.2881128 0.24640088 1.0931367 0 0.14232819 0.1993221 0.8131654 0 0 0 0 0 0 0 0 0.17461236 0.37162042 1.337612 0 0.23497084 1.0665208 0 0 0 0 0 0 0 0 0 0.44123653 0.911764 0.89410436 0.21954833 0.2319689 0.529287 0 0 0 0 0 0
"3300037225_17" 0 0 0.10958309 0 0.06004935 0.080637075 0.059536114 0 0.291919 0 0 0 0 0 0 0 0 0 0 0 0.29402602 0.21252872 0 0.42378217 0 0 0 0 0 0 0 0 0 0 0 3.3466148 17.568325 0 0 0 0.4203789 30.961763 0 0.19531624 2.909189 3.6209023 2.0820637 0 0 0 0 0 0 0 0 0 0 0 0 0 0 0 0.2734453 0 0 0.14560468 0 0 0 0 0 0 0 0 0 0.06701562 0.08137351 0.12070518 0.4683172 0 0.061063863 0.06361232 0.40395153 0 0 0 0 0 0 0 0 0 0.20231263 0.5676041 0 0.12133353 0.58971965 0 0 0 0 0 0 0 0 0 0.16603646 0.26497024 0.4065763 0 0 0.43819824 0 0 0 0 0 0
"PLLP01" 0 0 0 0 0 0 0 0 0 0 0 0 0 0 0 0 0 0 0 0 0 0 0 0 0 0 0 0 0 0 0 0 0 0 0 12.819679 2.4753988 0 0 0 1.0667136 6.282776 0 0 3.960487 2.6095622 4.382024 0 0 0 0 0 0 0 0 0 0 0 0 0 0 0 0 0 0 0 0 0 0 0 0 0 0 0 0 0 0 0 0 0 0 0 0 0 0 0 0 0 0 0 0 0 0 0 0 0 0 0 0 0 0 0 0 0 0 0 0 0 0 0 0 0 0 0 0 0 0 0
"20120800_E2X_21" 0 0 0 0 0 0 0.20378047 0.07600639 0 0 0 0 0 0 0 0 0 0 0 0 0 0.056452624 0 0 0 0 0 0 0 0 0 0 0 0 0 4.6845126 21.474655 0 0 0 0.85416055 13.751735 0 0 1.8213445 2.4775522 6.688804 0 0 0 0 0 0 0 0 0 0 0 0 0 0 0 0 0 0 0 0 0 0 0 0 0 0 0 0 0 0.55455184 0 0 0 0 0 0.12036432 0 0 0 0 0 0 0 0 0 0 0 0 0 0 0 0 0 0 0 0 0 0 0 0.5342236 0.15321356 0.28744662 0 0 0 0 0 0 0 0 0
"20110800_E2D_3" 0 0 0 0 0 0 0 0 0 0 0 0 0 0 0 0 0 0 0 0 0 0 0 0 0 0 0 0 0 0 0 0 0 0 0 4.4431815 7.2889624 0 0 0 0 4.102311 0 0 5.2476277 5.672896 3.811463 0 0 0 0 0 0 0 0 0 0 0 0 0 0 0 0 0 0 0 0 0 0 0 0 0 0 0 0 0 0 0 0 0 0 0 0 0 0 0 0 0 0 0 0 0 0 0 0 0 0 0 0 0 0 0 0 0 0 0 0 0 0 0 0 0 0 0 0 0 0 0
"20120800_E3X_3" 0.6605929 0.66483796 0.5432271 0 0 0.5905781 0.41789266 0.2369232 1.5047855 0 0 0 0 0 0 0 0.063161634 0.28451678 0.06457645 0 2.055289 1.4673067 0.33672217 2.8903642 0 0 0 0 0 0 0 0 0.087043926 0.06591542 0.14161247 2.7340117 2.193886 0.33720315 0.6837033 0.48227787 1.5153681 5.399339 0.37787858 1.1545297 6.4896717 9.687674 15.318963 0 0 0 0 0 0 0 0 0 0 0 0 0 0 0 0 0 0 0.26363632 0 0 0 0 0 0 0 0 0 0.13560519 0.16482648 0.5290388 2.241283 0 0.2703596 0.39283785 1.5711116 0 0 0 0 0 0 0 0 0.20930283 0.49128848 4.096945 0 0.9425287 3.9427662 0 0 0 0 0 0 0 0 0 0.5683831 1.398611 5.253298 0.21067564 0.94190276 9.655786 0 0 0 0 0 0
"20120700_P3D_7" 0 0 0 0 0 0 0 0 0 0 0 0 0 0 0 0 0 0 0 0.058580622 0 0 0 0 0 3.2955687 0 0 0 0 0 0 0 0 0 4.9897637 9.937002 0 0 0 0.54588693 10.066631 0 0 10.170385 9.542134 7.660234 0 0 0 0 0 0 0 0 0 0 0 0 0 0 0 0 0 0 0 0 11.376648 0 0 0 0 0 0 0 0 0 0 0 0 0 0 0 0 0 0 0 0 0 0 0 0 0 0 0 0 0 0 0 0 0 0 0 0 0 0 0 0 0 0 0 0 0 0 0 0 0 0
"20120800_E1X_7" 0 0 0 0 0 0 0 0 0 0 0 0 0 0 0 0 0 0.5018152 0 0.10432239 0 0 0.057990655 0 0 0 0 0 0 0 0 0 0 0 0 0.16080727 2.0366452 0 0 0 0 0.6998902 0 0 0.33391896 0.38483763 1.4649364 0 0 0 0 0 0 0 0 0 0 0 0 0 0 0.1435628 2.878453 0 0 0 0 4.82381 0 0 0 0 0 0 0 0 0.064828284 0 0 0 0 0 0 0 0 0 0 0 0 0 0 0 0 0 0 0 0 0 0 0 0 0 0 0 0 0 0.18887629 0 0 0.08213344 0 0 0 0 0 0 0 0
"20120800_E1X_6" 0 0 0 0 0 0 0 0 0 0 0 0 0 0 0 0 0 0 0 0 0 0 0 0 0 0 0 0 0 0 0 0 0 0 0 1.3437003 0 0 0 0 1.961543 2.706136 0 0 4.162741 1.4197382 0.105832055 0 0 0 0 0 0 0 0 0 0 0 0 0 0 0 0 0 0 0 0 0 0 0 0 0 0 0 0 0 0 0 0 0 0 0 0.21197994 0 0 0 0 0 0 0 0 0 0 0.14674923 0 0 0 0 0 0 0 0 0 0 0 0 0 0.07750598 0.074738085 0 0 0 0 0 0 0 0 0
"20120700_P3D_105" 0 0 0 0 0 0 0 0 0 0 3.7548318 0 0 0 0 0 0 0 0 0.057016596 0 0 0 0 0 3.1691768 0 0 0 0 0 0 0.08185386 0.13622119 0.11446662 0.098475926 0.4198209 0 0 0 0 0.8201687 0 0 0.23167259 0.25629777 0.41137725 0 0 0 0 0 0 0 0 0 0 0 0 0 0 1.4191574 0.45281053 0 0 0.6471729 0 0.657713 0 0 0 0 0 0 0 0 0 0 0 0 0 0.15701316 0 0 0 0 0 0 0 0 0 0 0 0 0 0 0 0 0 0 0 0 0 0 0 0 0 0 0 0 0 0 0 0 0 0 0 0
"PMZK01" 0.06628412 0.17195117 0.41241693 0.3975886 0.7637774 0.43890816 0.15467192 0.20909289 0.42091572 0.44082865 0.67782974 0 0 0.12343637 0.37004793 0 0.14285791 1.801698 0.27951685 0.28137675 0.6629156 0.21064314 0.08554545 0.60345477 0 2.533464 0 0.6687147 0 0.3085923 0 0 0.26273066 0.2989239 0.21542616 4.2126827 4.3294296 0 0.12871146 0.07353186 1.7458637 5.3431935 0.189566 0.30293113 1.6046364 2.8998861 2.8984883 0 0 0 0 0 0 0 0.22887087 0.29614687 0 0 0 0 0.09898712 0.5242258 2.3329825 0 0.20987172 0.50220793 0 41.923122 0 0.1674475 0.5895385 0 0 0 0 0.35003874 0.17080684 0.42688382 0.43031752 0 0.17093204 0.3061161 0.6702774 0 0 0.056301735 0 0.1748807 0.17625055 0.27373052 0 0.3661723 0.4009745 0.7780184 0 0.39677477 0.70181113 0 0 0 0 0 0 0 0 0.089551665 0.19593361 0.5452578 0.39037585 0.062478837 0.19196643 0.5249248 0 0 0 0 0 0.28143463
"20130700_E1X_5" 0 0.0909607 0.6534309 0 0.07155788 0.8131826 0.068563625 0.05868305 0.40754727 0 0 0 0 0.1074573 0 0 0.15530552 3.976061 0.09471565 0 0.9117988 0 0 0.7388822 0 0 0 0.17285118 0 0 0 0 0.071478315 0.10651828 0.19558966 20.550293 0 0 0.10000835 0 0.33002117 0.8965375 0.14736392 0.24305695 2.7808943 2.10985 0.4275759 0 0 0 0 0 0 0 0.14973742 0 0 0 0 0 0 0.1835946 12.942863 0 0 0.58597666 0 0 0 0 0.07487718 0 0 0 0 0.14739439 0 0.33707568 0.5382075 0 0 0.17987181 0.5246177 0 0 0 0 0 0 0 0 0.19495425 0.59029484 0.70678055 0 0.23389757 0.7425829 0 0 0 0 0 0 0 0 0 0.068835065 0.13756968 0.27098092 0 0.15705432 0.77064174 0 0 0 0 0 0
"20110800_E2D_18" 0 0 0 0 0 0 0 0 0 0 0 0 0 0 0 0 0 0 0 0 0 0 0 0.09835807 0 0 0 0 0 0 0 0 0 0 0 0.08550187 0.0654272 0 0 0 0 2.5651913 0 0 1.3186196 4.348423 1.5791154 0 0 0 0 0 0 0 0 0 0 0 0 0 0 0 0 0 0 0 0 0 0 0 0 0 0 0 0 0 0 0 0.06518642 0 0 0 0 0 0 0 0 0 0 0 0 0 0 0 0 0 0.06191114 0 0 0 0 0 0 0 0 0 0 0 0 0 0 0 0 0 0 0 0 0
"20110800_E3D_11" 0 0 0 0 0 0 0 0 0 0 0 0 0 0 0 0 0 0 0 0 0 0.27567276 0 0 0 0 0 0 0 0 0 0 0 0 0 1.0895908 0 0 0 0 2.5593588 0.22723904 0 0 2.500619 1.3728346 0.24198511 0 0 0 0 0 0 0 0 0 0 0 0 0 0 0 0 0 0 0 0 0 0 0 0 0 0 0 0 0 0 0 0 0 0 0 0.06567393 0 0 0 0 0 0 0 0 0 0 0.14751518 0 0 0 0 0 0 0 0 0 0 0 0 0.10351055 0.190689 0.26943997 0 0 0 0 0 0 0 0 0
"3300038461_4" 0 0 0 0 0 0 0 0 0 0 0 0 0 0 0 0 0 0 0 0 0 0 0 0 0 0 0 0 0 0 0 0 0 0 0 0 0 0 0 0 15.724292 2.1997592 0.124796785 0.058911018 0.15011448 0.56271833 0.34130207 0 0 0 0 0 0 0 0 0 0 0 0 0 0 0 0 0 0 0 0 0 0 0 0 0 0 0 0 0 0 0 0 0 0 0 0 0 0 0 0 0 0 0 0 0 0 0 0 0 0 0 0 0 0 0 0 0 0 0 0 0 0 0 0 0 0 0 0 0 0 0
"20120800_E3D_2" 0 0.069997996 0.29112375 0.08149301 0.16585714 0.114132196 0.09497438 0.13482659 0.40310672 0 0 0 0 0 0 0 0 6.0508986 0.20404676 0.21243243 1.0700552 3.0536046 0 1.0136969 0 0 0 0 0 0 0 0 0 0 0 11.867496 1.5368521 0.057252 0 0.064882554 14.07855 3.8867457 0.18018971 1.0199866 10.168956 5.459782 0.42602336 0 0 0 0 0 0 0 0 0 0 0 0 0 0 0.23979725 2.400616 0.06978017 0.16044459 0.15504684 0 0 0 0 0 0 0 0 0 0.33709 0.10173399 0.49405605 2.411779 0.3031972 0.7190723 0.789983 11.420869 0 0 0 0 0 0 0 0 0.12215232 0.4265406 13.385768 0 0 1.5759972 0 0 0 0 0 0 0 0 0 0.6124768 3.5030286 2.7366602 0 0 0.86977357 0 0 0 0 0 0
"20120800_E2X_14" 0.088114016 0.08415533 0.10085365 0 0 0.060202338 0.06773779 0 0.31165045 0 0 0 0 0 0 0 0 0.53676564 0 0 0.7498879 0.19563061 0 0.78287965 0 0 0 0 0 0 0 0 0 0 0 9.113163 6.5981727 0.05823414 0.22850718 0.17862579 4.0100465 9.912658 0.082418546 0.4686895 3.2717881 3.9592414 8.40729 0 0 0 0 0 0 0 0 0 0 0 0 0 0 0.124425754 0.9667035 0 0 0.06368723 0 0 0 0 0 0 0 0 0 0.13761725 0.083571486 0.26075566 0.71419597 0 0.10846178 0.31966108 4.0728097 0 0 0 0 0 0 0 0 0.07279148 0.26343697 1.5305761 0 0.34410465 0.78586537 0 0 0 0 0 0 0 0 0 0.23260401 0.3044054 0.608601 0 0.09956563 0.5119573 0 0 0 0 0 0
"20110800_E3D_15" 0 0 0.14878064 0 0 0.45852768 0 0 0.14648122 0 0 0 0 0 0 0 0 4.0234995 0 0 0.48242804 0 0 0.5446436 0 0 0 0 0 0 0 0 0 0 0 2.6313126 1.203895 0 0 0.061884157 0.31481555 1.284438 0 0.083382934 1.5432557 1.3726252 0.9404189 0 0 0 0 0 0 0 0 0 0 0 0 0 0 0 0.18516858 0 0 0.25053525 0 0 0 0 0 0 0 0 0 0 0 0.08751577 0.36988574 0 0 0.30285898 1.2747892 0 0 0 0 0 0 0 0 0.091921575 1.0980579 2.0374496 0 0 0.40389177 0 0 0 0 0 0 0 0 0 0 0.11447573 0.31712556 0 0 0.2569259 0 0 0 0 0 0
"20130700_E2X_2" 0 0 0 0 0 0 0 0 0 0 0 0 0 0 0 0 0 0 0 0 0 1.3025521 0 0 0 0 0 0 0 0 0 0 0 0 0 0.7127095 0 0 0 0 6.642897 0.48365536 0 0 0.22548687 0.15016596 0 0 0 0 0 0 0 0 0 0 0 0 0 0 0 0 0 0 0 0 0 0 0 0 0 0 0 0 0 0 0 0 0 0 0 0 0.10269804 0 0 0 0 0 0 0 0 0 0 0.12961192 0 0 0 0 0 0 0 0 0 0 0 0 0 0 0.08212459 0 0 0 0 0 0 0 0 0
"20120800_E3X_28" 0.06800568 0 0 0 0 0 0 0 0 0 0 0 0 0 0 0 0 0 0 0 0 0 0.3006759 0 0 0 0 0 0 0 0 0 0 0 0 0.2423875 0 0.12600842 0 0 0 0 0 0 0.072842255 0 0.057163216 0 0 0 0 0 0 0 0 0 0 0 0 0 0 0 0 0 0 0 0 0 0 0 0 0 0 0 0 0 0 0 0 0 0 0 0 0 0 0 0 0 0 0 0.06354618 0 0 0 0 0 0 0 0 0 0 0 0 0 0 0 0.061085675 0 0 0.1259294 0 0 0 0 0 0 0 0
"20130700_E1Y_1" 0.0898775 0.26586065 0 0.410132 0.31459752 0 0.124848306 0.13269368 0.09647017 0 0 0 0 0 0 0 0.474243 0 0.09287722 0.3134167 0.1416492 0 0.15925777 0.09887624 0 0 0 0 0 0 0 0 0.07200038 0.18617563 0 0.6961345 10.4238615 0.063285135 0.107123025 0 0 1.018239 0.17571299 0 0.33499095 1.574777 2.1539195 0 0 0 0 0 0 0 0 0 0 0 0 0.11504553 0.2966069 0.4200111 0.14598642 0 0.2032879 0 0 0 0 0 0 0 0 0 0 0.058445133 0.09213334 0 0.07052919 0.08076731 0.6636146 0.21892613 0 0 0 0 0 0 0 0 0.09641848 0.18719654 0 0.13660486 0 0.16788498 0.09893722 0 0 0 0 0 0 0 0 0 0.14337036 0.07272325 0.06802943 0.083303414 0.070523135 0 0 0 0 0 0 0
"20130700_E2Y_3" 0 0 0 0.2414879 0.15498216 0.17711632 0.18203263 0.059721403 0.29281032 0 0 0 0 0 0 0 0.06117719 0 0.06723168 0.25837865 0.57117665 0 0 0.249847 0 0 0 0 0 0 0 0 0.1782048 0.35922182 0.14706725 8.563104 3.2125967 0 0 0.08159883 0.38018662 20.92844 0.057573434 0.058264162 11.575407 13.8821535 10.030716 0 0 0 0 0 0 0 0 0 0 0 0 0 0 0.06320587 0 0 0 1.0302253 0 0 0 0 0 0 0 0 0 0 0 0.12022382 0.14465822 0 0 0 0 0 0 0 0 0 0 0 0 0.11347426 0.274512 0.23379959 0 0 0.22335744 0 0 0 0 0 0 0 0 0 0 0 0 0 0 0 0 0 0 0 0 0
"20120800_E2X_13" 0 0 0 0 0 3.588351 0 0 0.91047746 0 0 0 0 0 0 0 0 0 0.3590099 0.0661935 1.8136743 0 0 0.6162795 0 0 0 0 0 0 0 0 0.4535619 0.8435243 1.7491813 0.42903766 10.140634 0 0 0 0 2.0130537 0 1.0113276 1.7349248 1.5867996 2.4291463 0 0 0 0 0 0 0 0 0 0 0 0 0 0 0 0 0 0 2.2252238 0 0 0 0 0 0 0 0 0 0 0 0 0 0 0 0 0 0 0 0 0 0 0 0 0 0 0.35991803 0.63367707 0 0 0.42407632 0 0 0 0 0 0 0 0 0 0 0 0 0 0 0.36929038 0 0 0 0 0 0
"20150700_E15_18" 0 0 0 0 0 0 0 0 0 0 0 0 0 1.0136476 0.32924357 0 0 0.51926225 0 0 0 0 0 0 0 0 1.1934732 0.41388443 0 0 0.09636688 0 0 0 0 0.32575914 0.73813564 0 0 0 0 0.8536995 0 0 0.51694745 0.68977374 0.52284616 0 0 0 0 0 0 1.7157285 1.6832131 0.31465212 0 0 0 0 0.22005123 2.1504695 1.5936692 0 0.1577019 0 0 0 0.6661216 0.3427191 0.12738475 0 0 0 0 0 0 0 0 0 0 0 0 0.11414472 0.13575171 0.35485235 0.40506753 0.09819879 0.3319931 0.20088047 0 0 0 0 0 0 0 0 0 0 0 0.07517204 0 0 0 0.07337827 0 0 0 0 0 0 0 0 0 0 0 0.10340651
"20130700_E1Z_4" 0 0 0 0.28806597 0 0.14748332 0.115677625 0.06914631 0.3436897 0 0 0 0 0 0 0 0 0.15308338 0 0.08880389 0.31363112 0 0.057906497 0.34122828 0 0 0 0 0 0 0 0 0 0 0.058643397 3.8170207 7.312681 0 0 0.08446837 0.15896404 7.554834 0 0 6.9732604 3.0296168 13.81549 0 0 0 0 0 0 0 0 0 0 0 0 0 0 0 0 0 0 0.35597646 0 0.12251569 0 0 0 0 0 0 0 0.07007899 0.07759246 0.1336962 0.16776608 0 0.15500006 0 0 0 0 0 0 0 0 0 0 0.0963945 0.18301462 0.14450842 0 0.07554006 0.28147063 0 0 0 0 0 0 0 0 0 0 0 0 0.07379479 0 0.14029154 0 0 0 0 0 0
"20120800_E3X_14" 0 0 0 0 0 0 0 0 0 0 0 0 0 0 0 0 0 0 0 0 0 0 0 0 0 0 0 0 0 0 0 0 0 0 0 1.8325498 23.067005 0 0 0 0.070714965 0.18358952 0 0 4.11474 8.32519 16.291168 0 0 0 0 0 0 0 0 0 0 0 0 0 0 0 0 0 0 0 0 0 0 0 0 0 0 0 0 0 0 0 0 0 0 0 0 0 0 0 0 0 0 0 0 0 0 0 0 0 0 0 0 0 0 0 0 0 0 0 0 0 0 0 0 0 0 0 0 0 0 0
"20120800_E2X_16" 0 0 0 0.07679842 0 0 0 0 0 0 0 0 0 0 0 0 0 0 0 0.08552944 0 0 0 0 0 0 0 0 0 0 0 0 0 0.098257974 0 0.35339934 12.294554 0 0 0 0 9.057873 0 0 2.593053 8.499762 4.731244 0 0 0 0 0 0 0 0 0 0 0 0 0 0 0 0 0 0 0 0 0 0 0 0 0 0 0 0 0 0 0 0 0 0 0 0 0 0 0 0 0 0 0 0 0 0 0 0 0 0 0 0 0 0 0 0 0 0 0 0 0 0 0 0 0 0 0 0 0 0 0
"20120800_E2D_10" 0 0 0 0 0 0 0 0 0.07125532 0 0 0 0 0 0 0 0 1.4404048 0 0 0.122189105 0 0 0.056171305 0 0 0 0 0 0 0 0 0 0 0 24.513718 2.8571465 0 0 0 4.507172 0.746629 0.07835041 0.06397256 16.374313 4.748835 0.37400562 0 0 0 0 0 0 0 0 0 0 0 0 0 0 0 1.2929065 0 0 0 0 0 0 0 0 0 0 0 0 0 0 0 0 0 0 0 1.4556566 0 0 0 0 0 0 0 0 0 0 0.09267272 0 0 0 0 0 0 0 0 0 0 0 0 0 0 0 0 0 0 0 0 0 0 0 0
"20120800_E3D_4" 0 0.28365684 0 0.22276217 0.74020207 0.71614325 0 0 2.4033601 0 0 0 0 0 0 0 0 0 0.2044709 0.087826066 2.2007847 0.9110876 0 1.7248269 0 0 0 0 0 0 0 0 0.3327119 0.48712206 0.48676696 12.091561 0.95825326 0 0 0.6207393 4.362345 7.767596 0.43674588 2.1597204 2.6718118 3.0359507 2.3179462 0 0 0 0 0 0 0 0 0 0 0 0 0 0 0 0 0 0 0.98043454 0 0 0 0 0 0 0 0 0 0.8589485 0 2.2493842 2.4717045 0 0 0 0.15269148 0 0 0 0 0 0 0 0 1.2633123 2.7781892 5.731178 0 0.1827147 3.108103 0 0 0 0 0 0 0 0 0 0 0 0 0 0 2.3691525 0 0 0 0 0 0
"PLNT01" 0 0 0 0 0 0 0 0 0 0 0 0 0 0 0 0 0 0 0 0 0 0 0 0 0 0 0 0 0 0 0 0 0 0 0 0 0 0 0 0 0 0.1495837 0 0 0.0559772 0.05774153 1.8824584 0 0 0 0 0 0 0 0 0 0 0 0 0 0 0 0 0 0 0 0 0 0 0 0 0 0 0 0 0 0 0 0 0 0 0 0.11481263 0 0 0 0 0 0 0 0 0 0 0 0 0 0 0 0 0 0 0 0 0 0 0 0 0.07333249 0.18991388 0 0 0 0 0 0 0 0 0
"20130700_E3Z_1" 0 0 0 0 0 0 0 0 0 0 0 0 0 0 0 0 0 0 0 0 0 0 0 0 0 0 0 0 0 0 0 0 0 0 0 0.619561 1.5213823 0 0 0 0 2.3737047 0 0 0.2223605 0.25213265 46.825417 0 0 0 0 0 0 0 0 0 0 0 0 0 0 0 0 0 0 0 0 0 0 0 0 0 0 0 0 0 0 0 0 0 0 0 0 0 0 0 0 0 0 0 0 0 0 0 0 0 0 0 0 0 0 0 0 0 0 0 0 0 0 0 0 0 0 0 0 0 0 0
"20111000_P2D_4" 0.073617525 0 0 0.5674705 0 0 0.1279245 0.19953285 0 0 8.566788 0 0 0 0 0 0 0 0.19211924 0.32590273 0 0 0 0 0 6.1759815 0 0 0 0 0 0 0.07760453 0 0 3.974681 2.698993 0 0 0 0.6137348 13.385704 0 0 3.4487567 5.9731474 3.8531148 0 0 0 0 0 0 0 0 0 0 0 0 0.54305565 0.05932063 0 0 0.21962768 0 0 0 8.294533 0 0 0 0 0 0 0 0 0.17566794 0 0 0 0.13691361 0 0 0 0 0 0 0 0 0 0.31214124 0.098879956 0 0 0 0 0 0 0 0 0 0 0 0 0 0 0.19327183 0 0 0 0 0 0 0 0 0 0 0
"20120800_E3S_6" 0.58048093 1.1523267 1.9770291 1.0286946 2.8540072 2.4363248 1.0339254 0.9294288 1.4502977 0 0 0 0.119231224 1.3318976 0.9334744 0.22462387 1.1787146 3.5445552 0.70699173 0.83508044 3.0145717 0.33097112 0.3307407 2.238728 0 0.07184692 0.40475425 1.0286665 0.23599084 1.1351819 0.36301652 0.34936535 2.018867 1.9653379 1.7334126 8.214367 13.640433 0.27588734 0.6598597 0.93157 0.56278884 17.105423 0.9648385 0.83369285 16.058882 16.036749 12.849472 0 0.06295896 0.1565587 0.15603916 0 0 0.38954306 1.0609883 0.9085077 0.10009508 0.16936146 0.11974716 0.37358704 1.3096575 4.6771073 4.0792527 0.45102203 1.431726 3.7026482 0 0 0.7932581 0.25567785 0.82980645 0.094259895 0.07193486 0.21292527 0.11979173 2.415294 0.6736112 2.596126 1.7098017 0 1.6944155 2.3237305 1.2489014 0.06773457 0.19872479 1.2876958 0.48735723 0.4450571 0.088173285 0.46726733 0.20165348 1.9436522 2.1586382 1.7643635 0 1.785919 2.0836427 0 0 0.47468132 0.28869197 0.23400728 0 0.068969 0 0.5024941 1.2047844 1.4719319 1.294133 0.31136808 2.2069657 1.3717351 0 0.7837239 0.1861406 0.11704529 0.29949877 0.764692
"20120700_P3D_102" 0.5969985 0.79483604 2.3053536 0.37280467 0.8244927 2.737266 0.69090855 0.5880132 1.3270333 0 0.24947415 0 0.16374512 0.76785314 0.4948224 0.3157436 0.8068867 4.2714715 0.5060842 0.41804588 2.5411522 0.33146772 0.29041788 2.1953254 0 3.1333542 0.33572736 0.6113517 0.23071805 0.6375641 0.39869645 0.38395324 1.2733397 1.207091 1.5432549 14.182446 6.1587124 0.2891118 0.73167056 0.6057626 0.17205615 9.147521 0.93489385 0.7018162 22.042818 30.536625 10.192468 0 0.11226577 0.25707176 0.21733928 0 0 0.35425165 0.53919566 0.4902825 0.14234094 0.16348259 0.09063754 0.2964445 0.9506463 3.2737846 1.2933347 0.28646418 0.8040517 3.049612 0 0.09229128 0.6075123 0.15026242 0.35217637 0.09561172 0.120399855 0.30947694 0.076958016 1.4963433 0.47512078 2.4637716 1.6043382 0 0.82185847 1.1998549 1.062443 0.06971324 0.12104977 1.4253511 0.33785558 0.22787596 0.11507976 0.33508092 0.07765135 1.4595386 2.2430148 1.4834988 0 1.535272 2.0583568 0 0 0.49219078 0.18109252 0.23389134 0 0.07646215 0 0.24760522 0.9587555 0.8712027 1.0841012 0.25966343 1.0091546 1.8507847 0 0.846684 0.18873246 0.09834857 0.31031308 0.3520126
"20110800_E3D_18" 0 0 0 0 0.07398215 0 0 0 0 0 3.9977586 0 0 0 0.08430065 0 0 0 0 0 0 0 0 0 0 1.9021842 0 0 0 0 0 0 0 0 0 3.0383632 6.63735 0 0 0 0.26503536 23.810656 0 0 2.3448117 4.458158 2.4708023 0 0 0 0 0 0 0 0 0 0 0 0 0 0 0 0 0 0 0 0 6.5507264 0 0 0 0 0 0 0 0 0 0 0 0 0 0 0 0 0 0 0 0 0 0 0 0 0 0 0 0 0 0 0 0 0 0 0 0 0 0 0 0 0 0 0 0 0 0 0 0 0 0.09102137
"20130700_C1X_6" 0 0 0.06369091 0 0 0.22773166 0 0 0.07113445 0 0 0 0 0 0 0 0 3.3928854 0 0 0.104858235 0 0 0.080624 0 0 0 0 0 0 0 0 0 0 0 1.7780325 3.3920906 0 0 0 0 0.5040986 0 0 1.7682571 1.4200941 0.2167821 0 0 0 0 0 0 0 0 0 0 0 0 0 0 0.19420579 6.050648 0 0 0.12930703 0 0 0 0 0 0 0 0 0 0 0 0 0 0 0 0.06693548 0.12914369 0 0 0 0 0 0 0 0 0 0.061559767 0.13401163 0 0 0 0 0 0 0 0 0 0 0 0 0 0 0 0 0 0 0 0 0 0 0 0
"20110800_E2D_5" 0.084390044 0 0 0 0 0.10356309 0.13880749 0 0.178471 0 0 0 0 0 0 0 0 0 0 0 0.58398044 0.9636352 0.16922267 0.8633099 0 0 0 0 0 0 0 0 0 0 0 19.316223 26.93169 0.0745702 0 0 0.73506147 1.160918 0 0.12543567 1.3229792 1.1457272 1.217983 0 0 0 0 0 0 0 0 0 0 0 0 0 0 0 0 0 0 0 0 0 0 0 0 0 0 0 0 0 0.10597326 0.10032573 0.40171447 0 0 0 1.2910903 0 0 0 0 0 0 0 0 0 0 2.0542908 0 0.11071155 0.5392991 0 0 0 0 0 0 0 0 0 0.21033756 0.08043132 0.36760372 0.070545085 0 2.8545296 0 0 0 0 0 0
"20130700_E3Z_5" 0 0 0 0.06077959 0 0 0.05725002 0 0 0 0 0 0 0 0 0 0 0 0 0 0 0 0.06206534 0.055761725 0 0 0 0 0 0 0 0 0 0 0 0.13343781 1.0164578 0 0 0 0 0.1597968 0 0 0.296813 0.46933803 10.017861 0 0 0 0 0 0 0 0 0 0 0 0 0 0 0 0 0 0 0 0 0 0 0 0 0 0 0 0 0 0.08474105 0 0 0 0 0 0 0 0 0 0 0 0 0 0 0 0 0.06656741 0 0 0.06002712 0 0 0 0 0 0 0 0 0 0 0 0 0.075955555 0 0.12865578 0 0 0 0 0 0
"20130700_E2Y_10" 0 0 0 0 0 0 0 0 0 0 0 0 0 0 0 0 0 0 0 0 0 0 0 0 0 0 0 0 0 0 0 0 0 0 0 0.2520589 4.370602 0 0 0 0.68687826 77.35103 0 0 2.2482598 14.445905 8.129483 0 0 0 0 0 0 0 0 0 0 0 0 0 0 0 0 0 0 0 0 0 0 0 0 0 0 0 0 0 0 0 0 0 0 0 0 0 0 0 0 0 0 0 0 0 0 0 0 0 0 0 0 0 0 0 0 0 0 0 0 0 0 0 0 0 0 0 0 0 0 0
"20110800_E3D_20" 0 0 0 0 0 0 0 0 0 0 0 0 0 0 0 0 0 0 0 0 0 0 0 0 0 0 0 0 0 0 0 0 0 0 0 10.307899 17.681776 0 0 0 0.9657673 6.0785513 0 0 8.46558 4.9176655 2.9463904 0 0 0 0 0 0 0 0 0 0 0 0 0 0 0 0 0 0 0 0 0 0 0 0 0 0 0 0 0 0 0 0 0 0 0 0 0 0 0 0 0 0 0 0 0 0 0 0 0 0 0 0 0 0 0 0 0 0 0 0 0 0 0 0 0 0 0 0 0 0 0
"20120500_P38_6" 0 0 0 0 0 0 0 0 0 0 0 0 0 0 0.10306269 0 0 0 0 0 0 0 0 0 0 1.6073408 0 0 0 0 0 0 0 0 0 0.2843972 7.559777 0 0 0 0 9.117108 0 0 0.4476827 1.5942763 0.69959635 0 0 0 0 0 0 0 0 0 0 0 0 0 0 0 0 0 0 0 0.6140698 0 0 0 0 0 0 0 0 0 0 0 0 0 0 0 0 0 0 0 0 0 0 0 0 0 0 0 0 0 0 0 0 0 0 0 0 0 0.076652534 0.1319994 0 0 0 0 0 0 0 0 0 0 0 0.23159519
"20110800_E1D_22" 0.0640292 0.3234377 9.900109 0 0.1367563 5.019395 0 0 6.008608 0 0 0 0 0 0 0 0 76.51141 0.4827097 0.06625255 9.906611 1.4350426 0 12.692142 0 0 0 0 0 0 0 0 0.26204902 0.16619867 0.38857502 3.8317597 1.2117485 0 0.16646916 2.7354271 2.7191732 43.881813 0.1622834 2.5261166 17.556412 28.549324 5.8874907 0 0 0 0 0 0 0 0 0 0 0 0 0 0 0.22762333 7.6339884 0.13321377 0.194077 8.078889 0 0 0 0 0 0 0 0 0 1.4819009 0 15.274981 11.4672165 0 0 0 2.1926496 0 0 0 0 0 0 0 0 0.853463 5.9136868 11.291343 0 0.4010006 4.778665 0 0 0 0 0 0 0 0 0 0 0.061164256 0.21062781 0 0.11209739 10.761965 0 0 0 0 0 0
"20120700_P3D_12" 0 0.14606267 0.21059649 0 0.30817726 0.09899357 0.084906496 0.17465882 0.1463138 0 0.09943527 0 0 0.0820763 0.49924383 0 0.08908252 1.1297503 0 0 0.16652347 0 0 0.14683658 0 2.4515176 0 0.71244425 0 0.1398229 0 0 0.17335218 0.15473987 0.1285403 8.139752 6.339698 0 0.089134775 0 0.77237344 6.0637684 0.22050485 0 5.513528 6.369683 2.6114254 0 0 0 0 0 0 0 0 0.35767984 0 0 0 0 0.13321857 0.34122127 0.36632407 0 0.0829709 0.21363904 0 0 0 0.10694124 0.86749434 0 0 0 0 0.19681384 0 0.11622852 0.2617877 0 0.11638861 0.214882 0.21890852 0 0 0 0 0.16789316 0 0 0 0.17443444 0.13254794 0.39851126 0 0.08973096 0.15101674 0 0 0 0 0 0 0 0 0.27520102 0 0.10591787 0.063164145 0 0 0.08024917 0 0 0 0 0 0.36353183
"20110800_E3D_19" 0 0 0 0 0 0 0 0 0 0 0 0 0 0 0 0 0 0.40823564 0 0 0 0.14015171 0 0.06443679 0 0 0 0 0 0 0 0 0 0 0 0.74365306 0.8009679 0 0 0 0.7250337 1.9466219 0 0 4.055591 3.8252666 0.52889866 0 0 0 0 0 0 0 0 0 0 0 0 0 0 0.479579 0.18690217 0 0 0 0 0 0 0 0 0 0 0 0 0 0 0 0.153783 0 0 0 0 0 0 0 0 0 0 0 0 0 0 0.4568027 0 0 0.14425679 0 0 0 0 0 0 0 0 0 0 0 0 0 0 0 0 0 0 0 0 0
"20110800_E2D_22" 0 0 0 0 0 0 0 0 0 0 0 0 0 0 0 0 0 0 0 0 0 0 0 0 0 0 0 0 0 0 0 0 0 0 0 2.822226 11.066378 0 0 0 0 14.907372 0 0 6.382331 4.030319 20.654024 0 0 0 0 0 0 0 0 0 0 0 0 0 0 0 0 0 0 0 0 0 0 0 0 0 0 0 0 0 0 0 0 0 0 0 0 0 0 0 0 0 0 0 0 0 0 0 0 0 0 0 0 0 0 0 0 0 0 0 0 0 0 0 0 0 0 0 0 0 0 0
"20120800_E3S_10" 0 0 0 0 0 0 0 0 0 0 0 0 0 0 0 0 0 0 0 0 0 0 0 0 0 0 0 0 0 0 0 0 0 0 0 0.5702895 0.44814858 0 0 0 0.05858593 10.900178 0 0 2.1070545 11.589296 0.22400402 0 0 0 0 0 0 0 0 0 0 0 0 0 0 0 0 0 0 0 0 0 0 0 0 0 0 0 0 0 0 0 0 0 0 0 0 0 0 0 0 0 0 0 0 0 0 0 0 0 0 0 0 0 0 0 0 0 0 0 0 0 0 0 0 0 0 0 0 0 0 0
"20110800_E2D_20" 0 0 0 0 0 0 0 0 0 0.09743447 0 0 0 0 0 0 0 0 0 0 0 0 0 0 0 4.5040555 0 0 0 0 0 0 0 0 0 3.9357448 6.5544534 0 0 0 0 2.401299 0 0 1.7420388 1.9015839 1.0331898 0 0 0 0 0 0 0 0 0 0 0 0 0 0 0 0 0 0 0 0 1.5482042 0 0 0 0 0 0 0 0 0 0 0 0 0 0 0 0 0 0 0 0 0 0 0 0 0 0 0 0 0 0 0 0 0 0 0 0 0 0 0 0 0 0 0 0 0 0 0 0 0 0
"20110800_E3D_22" 0 0 0.1110224 0.23177558 0.15286198 0.27852768 0 0 0.23381136 0 0 0 0 0 0 0 0 0.092818536 0 0.13634276 0.38477802 0 0 0.43264183 0 0 0 0 0 0 0 0 0 0.13924444 0.17163879 1.6707993 1.4222392 0 0 0 0 4.299297 0 0.18167637 3.9253762 2.1965425 1.316486 0 0 0 0 0 0 0 0 0 0 0 0 0 0 0 0 0 0 0 0 0 0 0 0 0 0 0 0 0.108734325 0 0.21250899 0.94450957 0 0.25772616 0.15617396 0.24259587 0 0 0 0 0 0 0 0 0 0.62109554 0.7274328 0 0.124789655 0.7067754 0 0 0 0 0 0 0 0 0 0.08755486 0.114188366 0.12699917 0 0 0.26508388 0 0 0 0 0 0
"PLLC01" 0.11170242 0.39466575 0.20015146 0.2632679 0.06444042 0.3260083 0.30567902 0.14757384 1.5417373 0 0 0 0 0 0 0 0 0.2915638 0 0 1.6509085 0.57976574 0.45540842 1.9148624 0 0 0 0 0 0 0 0 0 0 0 14.830859 44.472603 0.13465473 0.08627642 0.6531056 3.3337939 8.5683155 0.28473192 0.8748718 27.55005 16.816217 29.68597 0 0 0 0 0 0 0 0 0 0 0 0 0 0 0 0 0 0 0.28584108 0 0 0 0 0 0 0 0 0 0.5724111 0.37236434 1.3134431 2.8709893 0 0.33373693 0.7659649 1.7791998 0 0 0 0 0 0 0 0.08811728 0.56531125 1.3487796 3.7791438 0 0.465429 3.3677545 0 0 0 0 0 0 0 0 0 1.6171668 3.3417532 3.1225035 0.17771843 0.35849464 1.9863485 0 0 0 0 0 0
"PLMQ01" 0 0 0 0 0 0 0 0 0 0 0 0 0 0 0 0 0 0 0 0 0 0 0 0 0 0 0 0 0 0 0 0 0 0 0 3.2314389 33.933266 0 0 0 0 9.369438 0 0 6.4667907 3.497244 1.7170539 0 0 0 0 0 0 0 0 0 0 0 0 0 0 0 0 0 0 0 0 0 0 0 0 0 0 0 0 0 0 0 0 0 0 0 0 0 0 0 0 0 0 0 0 0 0 0.074189246 0 0 0 0 0 0 0 0 0 0 0 0 0 0 0 0 0 0 0 0 0 0 0 0
"20120700_E3X_7" 0.08944991 0.49754888 0 0.47088408 0.70399094 0.09837908 0.1091011 0.1269774 0.33713937 0 0 0 0 0 0 0 0 0.24140872 0.13201772 0.24070108 0.43688756 0.23678572 0.106247 0.3641163 0 0 0 0 0 0 0 0 0.16338548 0.19498542 0 7.2497616 4.92905 0 0 0.18125452 2.4086108 7.402252 0.24552932 0.25212005 6.139629 8.725408 0.9508415 0 0 0 0 0 0 0 0 0 0 0 0 0 0 0.11191458 1.8146783 0 0 0.1593132 0 0 0 0 0 0 0 0 0 0.22173274 0.32488918 0.23294562 0.73829275 0 0.4948654 0.5473077 0.9852519 0 0 0 0 0 0 0 0.069794446 0.31985313 0.38920504 1.4138815 0 0.24056938 0.50400364 0 0 0 0 0 0 0 0 0 0.27630615 0.38753575 0.19884776 0 0.15499763 0.20731728 0 0 0 0 0 0
"PLNU01" 0 0 0 0 0 0 0 0 0.05612101 0 0 0 0 0 0 0 0 0 0 0 0.14038678 0 0 0.08244685 0 0 0 0 0 0 0 0 0 0 0 2.6686833 14.462154 0 0 0 0.13876522 0.7681934 0 0 2.462428 2.0344973 13.168934 0 0 0 0 0 0 0 0 0 0 0 0 0 0 0 0.20434935 0 0 0 0 0.4667833 0 0 0 0 0 0 0 0 0 0 0.077436164 0 0 0 0.06384408 0 0 0 0 0 0 0 0 0 0.08200305 0.115748286 0 0 0.09024742 0 0 0 0 0 0 0 0 0 0 0 0 0 0 0 0 0 0 0 0 0
"20130700_E1Y_16" 0 0 0 0 0 0 0 0 0 0 0 0 0 0 0 0 0 0 0 0 0 0 0 0 0 0 0 0 0 0 0 0 0 0 0 0.66943836 25.009596 0 0 0 0.26388967 0.25266758 0 0 5.825324 11.793848 13.552613 0 0 0 0 0 0 0 0 0 0 0 0 0 0 0 0.2562141 0 0 0 0 0 0 0 0 0 0 0 0 0 0 0 0 0 0 0 0 0 0 0 0 0 0 0 0 0 0 0 0 0 0 0 0 0 0 0 0 0 0 0 0 0 0 0 0 0 0 0 0 0 0 0
"3300037132_9" 0.17321244 0.6090067 0.31688312 0.55943656 0.8107126 0.19459601 0.6618897 0.46016732 0.40910414 0 0 0 0 0 0 0 0.20531024 0.2089043 0.25338084 0.44241655 0.8330481 0.22333536 0.3571408 0.543711 0 0 0 0 0 0 0 0 0.36669192 0.51564443 0.1288607 3.8386064 1.5342007 0.16640496 0.22796635 0.25279 1.8712964 3.6669476 0.34688985 0.31618598 5.8534627 6.284776 0.8748266 0 0 0 0 0 0 0 0 0 0 0 0 0.13054748 0.1608944 0.75080955 1.1077864 0.08148416 0.28624266 0.27631643 0 0.28822812 0 0 0 0 0 0 0 0.3552171 0.4780419 0.24788055 0.39875305 0.1615257 0.6318507 0.47727206 0.5890112 0 0 0 0 0 0 0 0.34030905 0.52235484 0.38894752 1.0069577 0 0.27690178 0.39764613 0 0 0 0 0 0 0 0 0 0.47028524 0.5682775 0.4208286 0.38509148 0.36190352 0.16675748 0 0 0 0 0 0
"20130700_E2Y_4" 0.6129884 1.7933476 1.1117628 1.8710065 2.0087717 0.51700824 2.2304301 1.459879 1.239167 0 0 0 0 0 0 0 0.63353556 0.68952435 0.74020725 1.6408676 1.452741 0.69488204 1.3859881 1.1040404 0 0 0 0 0 0 0 0 0.7228921 0.99898106 0.3879432 7.347992 53.42316 0.65807575 0.8379254 0.85576177 2.7312617 50.690674 1.0160087 0.3919956 9.955533 6.7222724 5.8228726 0 0 0 0 0 0 0 0 0 0 0 0 0.42898268 0.5208866 2.312834 1.9081502 0.2974251 0.8323079 0.73929876 0 0.63650584 0 0 0 0 0 0 0 1.1545541 1.6361132 0.83423686 1.4386288 0.6076167 2.171799 1.4100442 2.3391662 0 0 0 0 0 0 0 1.0887253 1.5977013 1.2018852 2.1464455 0.15449592 0.9233476 1.3702238 0 0 0 0 0 0 0 0 0 1.6571926 1.5797901 1.5396512 1.4373314 1.1361531 0.5903103 0 0 0 0 0 0
"20130700_E2Y_17" 0 0 0.14200106 0 0 0.05765845 0 0 0.07459101 0 0 0 0 0 0 0 0 0 0 0 0.18580616 0 0 0.124176085 0 0 0 0 0 0 0 0 0 0 0 3.1857991 10.783172 0 0 0 0.2675076 18.42637 0 0 9.453466 9.235823 9.20423 0 0 0 0 0 0 0 0 0 0 0 0 0 0 0.2476883 0.831325 0 0 0.31462932 0 0 0 0 0 0 0 0 0 0 0 0.12502968 0.33635473 0 0 0.33636293 0.18801099 0 0 0 0 0 0 0 0 0 0 0.19413091 0 0 0.12791984 0 0 0 0 0 0 0 0 0 0 0.08097627 0.11425757 0 0 0 0 0 0 0 0 0
"20120800_E3S_17" 0 0 0 0 0 0 0 0 0.1546004 0 0 0 0 0 0 0 0 0 0 0 0.2832409 0.65186644 0.07279179 0.4167381 0 0 0 0 0 0 0 0 0 0 0 4.6196322 2.5578873 0 0 0 2.0054505 1.6326929 0 0.14592212 5.2938733 1.1429875 3.0627322 0 0 0 0 0 0 0 0 0 0 0 0 0 0 0 0 0 0 0 0 0 0 0 0 0 0 0 0 0 0 0 0.96290016 0 0 0 0.17563012 0 0 0 0 0 0 0 0 0 0 1.9330496 0 0 1.4354764 0 0 0 0 0 0 0 0 0 0 0.19976187 0.7438066 0 0 1.3184952 0 0 0 0 0 0
"3300037091_10" 0 0 0 0 0 0 0 0 0 0 0 0 0 0 0 0 0 0 0 0 0 0.07767271 0 0 0 0 0 0 0 0 0 0 0 0 0 0.13553107 3.9538703 0 0 0 0.6012478 0.20256272 0 0 2.086485 4.191648 9.104974 0 0 0 0 0 0 0 0 0 0 0 0 0 0 0 0 0 0 0 0 0 0 0 0 0 0 0 0 0 0 0 0 0 0 0 0.25376323 0 0 0 0 0 0 0 0 0 0 0.07250126 0 0 0 0 0 0 0 0 0 0 0 0 0 0.10592848 0.37912047 0 0 0 0 0 0 0 0 0
"20110800_E3D_38" 0 0 0 0 0 0 0 0 0 0 0 0 0 0 0 0 0 0 0 0 0 0.17715573 0 0.11223915 0 0 0 0 0 0 0 0 0 0 0 1.4726896 1.8382764 0 0 0 0.6756062 2.8870609 0 0.14392495 6.8421626 4.8055496 0.1683977 0 0 0 0 0 0 0 0 0 0 0 0 0 0 0 0 0 0 0 0 0 0 0 0 0 0 0 0 0 0 0 0.11193686 0 0 0 0.49907425 0 0 0 0 0 0 0 0 0 0 0.52042747 0 0 0.15545072 0 0 0 0 0 0 0 0 0 0 0.0575758 0.22794503 0 0 0.4449171 0 0 0 0 0 0
"20120700_P3D_2" 0 0 0 0 0 0 0 0 0 0.119737856 0 0 0 0 0 0 0 0 0 0 0 0 0 0 0 2.146742 0 0 0 0 0 0 0 0 0 0.10933266 7.2866826 0 0 0 0 0 0 0 0.499646 0.09413717 0.09933096 0 0 0 0 0 0 0 0 0 0 0 0 0 0 0 0 0 0 0 0 0 0 0 0 0 0 0 0 0 0 0 0 0 0 0 0 0 0 0 0 0 0 0 0 0 0 0 0 0 0 0 0 0 0 0 0 0 0 0 0 0 0 0 0 0 0 0 0 0 0 0
"20120800_E3D_5" 0 0 0 0 0 0 0 0 0 0 0 0 0 0 0 0 0 0 0 0 0 0 0 0 0 0 0 0 0 0 0 0 0 0 0 0.096908085 0 0 0 0 0.8218931 7.20809 0 0 8.599042 4.38144 4.0899324 0 0 0 0 0 0 0 0 0 0 0 0 0 0 0 0 0 0 0 0 0 0 0 0 0 0 0 0 0 0 0 0 0 0 0 0 0 0 0 0 0 0 0 0 0 0 0 0 0 0 0 0 0 0 0 0 0 0 0 0 0 0 0 0 0 0 0 0 0 0 0
"20160700_E25_5" 0 0 0 0 0 0 0 0 0 0 0 0 0 0 0 0 0.09420597 0 0 0 0 0 0 0 0 0 0 0 0 0 0 0 0 0.07405144 0 0 0.11099007 0 0 0 0 0.12542818 0 0 0.09633272 0.08068304 0 0 0 0 0 0 0 0 0 0 0 0 0 0 0.3225381 0.29328683 0.06402192 0 0 0 0 0 0 0 0 0 0 0 0 0 0 0 0 0 0 0 0 0 0 0 0 0 0 0 0 0 0.07799175 0 0 0 0 0 0 0 0 0 0 0 0 0 0 0 0 0 0 0 0 0 0 0 0 0
"20110800_E2D_15" 0 0 0 0 0 0.08663624 0 0 0 0 8.758665 0.9531563 0 0.29405117 0.8333287 0 0 0.09702864 0 0 0.20734347 0 0 0 10.491795 15.1281185 0 0.7989108 0.1623498 0.95626694 0.95626247 0.92901444 0 0 0 10.637087 3.9368606 0 0 0 0.44620076 6.6955175 0 0 7.9430814 6.5114346 0.36730215 1.6674435 3.177246 0 0 0.33621758 0.14825048 0 0.5346333 0.7969376 0 0.14997827 0.1770144 0 0 0 0 0 0 0 0 0 0 0.6972699 0.97120255 0.8360619 0 0 0.23997991 0 0 0 0 0 0 0 0 0 0.36544427 0.86199164 0.42828855 0.727566 0.8480633 1.3282212 0 0 0 0 0 0 0 0.6342852 0.22455491 0 0.5079116 0.6037112 0.15802982 1.339923 0.19322985 0.6964346 0 0 0 0 0 0 2.1595788 0 0.2611777 0.5329819 0 0.686571
"20120800_E3D_7" 0 0 0.19771299 0 0 0.21935885 0 0 0.39516172 0 0 0 0 0 0 0 0 0.3226722 0 0 1.0183332 1.881881 0.069180526 1.2632061 0 0 0 0 0 0 0 0 0 0 0 6.0885234 0.064051606 0 0 0.08728392 1.0666075 7.034607 0 0.39509693 5.9828277 5.933427 0.21896084 0 0 0 0 0 0 0 0 0 0 0 0 0 0 0 0.20678285 0 0 0.11844006 0 0 0 0 0 0 0 0 0 0.07204349 0 1.065866 1.1048048 0 0 0 0.14456423 0 0 0 0 0 0 0 0 0 0.5767185 6.1159124 0 0 2.3016732 0 0 0 0 0 0 0 0 0 0 0 0.055952996 0 0 0.6292614 0 0 0 0 0 0
"20120800_E3X_22" 0 0 0 0 0 0 0 0 0 0 0 0 0 0 0 0 0 0 0.27036235 0.5062228 0 0 0 0 0 0 0 0 0 0 0 0 0.08496511 0 0 0.31305557 4.623879 0 0 0 0 0.064732105 0 0 0.75583863 1.0952423 6.1048183 0 0 0 0 0 0 0 0 0 0 0 0 0 0 0 0 0 0 0 0 1.2470047 0 0 0 0 0 0 0 0 0.059733976 0 0 0 0 0 0 0 0 0 0 0 0 0 0 0 0 0 0 0 0 0 0 0 0 0 0 0 0 0 0 0 0 0 0 0 0 0 0 0 0 0
"20130700_E1Y_3" 0.08890694 0 0 0 0.11767429 0 0 0 0 0 0 0 0 0 0 0 0 0 0 0 0.099221215 0 0 0 0 0 0 0 0 0 0 0 0 0 0 10.262991 98.5814 0 0.14852782 0 0 0.24527611 0 0.0580881 1.5273122 1.13035 1.8533576 0 0 0 0 0 0 0 0 0 0 0 0 0 0 0 0 0 0 0 0 0 0 0 0 0 0 0 0 0 0 0 0 0 0.05582448 0 0 0 0 0 0 0 0 0 0 0 0 0 0 0 0 0 0 0 0 0 0 0 0 0 0 0 0 0 0.15126066 0.09462458 0 0 0 0 0 0
"PLMA01" 0.09986255 0 0 0 0.07747025 0 0 0 0 0 0 0 0 0 0 0 0 0 0 0 0.15285116 0 0 0.07695591 0 0 0 0 0 0 0 0 0 0 0 0.51125044 1.6587145 0 0.15851255 0 0 0.06502475 0 0.06947691 0.7942474 0.18371591 32.331787 0 0 0 0 0 0 0 0 0 0 0 0 0 0 0 0 0 0 0 0 0.09396181 0 0 0 0 0 0 0 0 0 0 0 0 0 0 0 0 0 0 0 0 0 0 0 0 0 0 0 0.06325544 0 0 0 0 0 0 0 0 0 0 0 0 0 0 0.16428906 0.127051 0 0 0 0 0 0
"20130700_C2X_12" 0 0 0 0 0 0 0 0 0 0 0 0 0 0 0 0 0 0.14433049 0 0 0 0 0 0 0 0 0 0 0 0 0 0 0 0 0 0.16708648 0.1294967 0 0 0 0 0.576451 0 0 0.25560763 1.0347041 0.72957546 0 0 0 0 0 0 0 0 0 0 0 0 0 0 0 0.13856754 0 0 0 0 0 0 0 0 0 0 0 0 0 0 0 0 0 0 0 0 0 0 0 0 0 0 0 0 0 0 0 0 0 0 0 0 0 0 0 0 0 0 0 0 0 0 0 0 0 0 0 0 0 0 0
"20140700_E15_14" 0.5508708 0.16366495 0 0 0.6200422 0.20209432 0 0 0.54658157 0 0 0 0 0 0 0 0 3.3335412 0.16320902 0.06754706 0.2104085 0 0 0.12500376 0 0 0 0 0 0 0 0 0 0 0.11318024 7.315453 1.4161011 0 0 0 1.230739 1.39752 0.16719986 0.07774501 2.0988371 6.2231956 0.6997725 0 0 0 0 0 0 0 0 0 0 0 0 0 0 0.11162288 22.020596 0 0.08560042 0.17981343 0 0 0 0 0 0 0 0 0 0 0 0.06585654 0.4105967 0 0 0.21553366 1.441608 0 0 0 0 0 0 0 0 0.13454807 0.0983776 0.7470897 0 0 0.39464593 0 0 0 0 0 0 0 0 0 0 0 0 0 0 0 0 0 0 0 0 0
"20130700_E3Z_8" 0 0 0 0 0 0 0 0 0 0 0 0 0 0 0 0 0 0 0 0 0 0 0 0 0 0 0 0 0 0 0 0 0 0 0 0.47503406 5.350054 0 0 0 0 0.25564215 0 0 0.15197232 0.8173368 108.35948 0 0 0 0 0 0 0 0 0 0 0 0 0 0 0 0 0 0 0 0 0 0 0 0 0 0 0 0 0 0 0 0 0 0 0 0 0 0 0 0 0 0 0 0 0 0 0 0 0 0 0 0 0 0 0 0 0 0 0 0 0 0 0 0 0 0 0 0 0 0 0
"20110800_E1D_5" 1.3582504 0.40353927 0 0.06822754 0.23433004 0.077504456 0 0.27316973 0.72154886 0 0 0 0 0 0 0 0 12.583992 0.1589712 0.071459204 0.30651912 0 0 0.10765799 0 0 0 0 0 0 0 0 0 0 0 3.8191252 1.5853935 0 0 0 3.0366583 0.5272262 0.87613857 0.10898945 0.25522122 0.51554894 0.16027768 0 0 0 0 0 0 0 0 0 0 0 0 0 0 0 6.0091906 0 0 0.18226421 0 0 0 0 0 0 0 0 0 0 0 0 0.07576051 0 0 0 3.0169759 0 0 0 0 0 0 0 0 0 0 0.27844036 0 0 0.073894985 0 0 0 0 0 0 0 0 0 0 0 0 0.08408229 0 0 0 0 0 0 0 0
"20120700_P3D_108" 0.09759078 0 0 0 0 0 0.11796212 0 0 0 0 0 0 0 0 0 0 0 0 0 0 0 0.10434481 0 0 0.9676954 0 0 0 0 0 0 0 0 0 4.566554 4.1186094 0.060059257 0 0 0 7.493685 0 0 6.123751 5.9463067 4.092965 0 0 0 0 0 0 0 0 0 0 0 0 0 0 0 0 0 0 0 0 42.771072 0 0 0 0 0 0 0 0 0 0 0 0 0 0 0 0 0 0 0 0 0 0 0 0 0 0 0 0 0 0 0 0 0 0 0 0 0 0 0.14493215 0 0 0.1972601 0 0 0 0 0 0 0 0
"20110800_E3D_28" 0.18768635 0.24151058 2.157616 0.1279656 0.5928803 1.6397065 0.3287417 0.29647338 0.9028209 0 0 0 0 0 0 0 0.71574605 6.062222 0.30264434 0.1726751 1.6304924 0.15997706 0 1.4158133 0 0 0 0 0 0 0 0 0.60596484 0.67442423 1.3674587 23.957283 8.3639 0 0.15191638 0.21010117 1.4033517 9.199378 0.40793163 0.4732873 22.615183 34.452583 7.9783406 0 0 0 0 0 0 0 0 0 0 0 0 0 0.8181295 3.3336697 10.915233 0 0.49951285 2.321377 0 0 0 0 0 0 0 0 0 1.1642332 0.17658032 1.7613088 0.8233675 0 0.42855975 1.270735 1.5006324 0 0 0 0 0 0 0 0 0.8018054 1.0479476 0.96650434 0 0.9939748 1.2246733 0 0 0 0 0 0 0 0 0 0.13254693 0.40441716 0.7590326 0 0.30510667 0.68507165 0 0 0 0 0 0
"20110800_E3D_40" 0.09712294 0.10223293 2.3465788 0 0.26293412 1.5528547 0.17332837 0.14299478 0.6770464 0 0 0 0 0 0 0 0.5413001 14.085373 0.3322874 0.075056694 1.3062426 0.13774148 0 1.2043747 0 0 0 0 0 0 0 0 0.8860182 1.0636398 2.980883 8.874389 6.1298504 0 0.087711886 0.16300035 2.0254555 20.599829 0.2475991 0.35244918 12.824362 16.747755 6.642286 0 0 0 0 0 0 0 0 0 0 0 0 0 0.41913158 2.6046672 23.696928 0.056665078 0.74091184 5.3278856 0 0 0 0 0 0 0 0 0 0.79433334 0.07929114 1.3756675 0.74711347 0 0.131752 1.1227161 1.8477694 0 0 0 0 0 0 0 0 0.5496839 0.8322457 0.8169683 0 0.58675206 0.88626677 0 0 0 0 0 0 0 0 0 0.059494946 0.189778 0.38742587 0 0.19277748 0.52375996 0 0 0 0 0 0
"PMXQ01" 0.10709788 0.23466797 0 0 0.059576005 0 0 0 0.39916617 0 0 0 0 0 0 0 0 2.1579847 0 0 0.17684816 0 0 0.12274251 0 0 0 0 0 0 0 0 0 0 0 6.9754834 0 0 0 0 8.884023 2.9870806 0.13629141 0.10415276 2.8167858 2.5737212 0.43971512 0 0 0 0 0 0 0 0 0 0 0 0 0 0 0.113189556 14.265668 0 0 0.08269638 0 0 0 0 0 0 0 0 0 0 0 0 0 0 0 0.057937562 1.736401 0 0 0 0 0 0 0 0 0 0 0.29537478 0 0 0 0 0 0 0 0 0 0 0 0 0 0 0 0 0 0 0 0 0 0 0 0
"20110800_E2D_35" 0.52268076 0.26701203 0 0.31252027 0.16038984 0 0.53631276 0.1359469 0.06013415 0 0 0 0 0 0 0 0.09711263 0 0.20980889 0.45625168 0 0 0.2979456 0 0 0 0 0 0 0 0 0 0.08220753 0 0 1.5466497 5.3838186 0.22523437 0.14655466 0 0 0.20835155 0.1038586 0 1.1592991 2.9528532 0.2955588 0 0 0 0 0 0 0 0 0 0 0 0 0.10696543 0.08898133 0 0 0.08329998 0 0 0 14.378808 0 0 0 0 0 0 0 0.08943987 0.49313653 0 0 0 0.2475759 0 0 0 0 0 0 0 0 0 0.30653632 0.0717809 0 0 0.13409288 0.10226256 0 0 0 0 0 0 0 0 0 0 0.49283525 0.13769226 0 0.3218615 0.16063191 0 0 0 0 0 0 0
"20120700_P3D_100" 0 0 0 0 0 0 0 0 0 0 0 0 0 0 0 0 0 0 0 0 0 0 0 0 0 5.672199 0 0 0 0 0 0 0 0 0 2.555878 14.614481 0 0 0 0 0.13227314 0 0 4.8682246 3.07172 0.5727526 0 0 0 0 0 0 0 0 0 0 0 0 0 0 0 0 0 0 0 0 12.879236 0 0 0 0 0 0 0 0 0 0 0 0 0 0 0 0 0 0 0 0 0 0 0 0 0 0 0 0 0 0 0 0 0 0 0 0 0 0 0 0 0 0 0 0 0 0 0 0 0 0
"3300036884_16" 0 0 0 0 0 0 0 0 0 0 0 0 0 0 0 0 0 0 0 0 0 0 0 0 0 0 0 0 0 0 0 0 0 0 0 1.5763857 12.871419 0 0 0 0.07663655 2.738569 0 0 7.0214334 5.720943 7.3720703 0 0 0 0 0 0 0 0 0 0 0 0 0 0 0 0 0 0 0 0 0 0 0 0 0 0 0 0 0 0 0 0 0 0 0 0.09979379 0 0 0 0 0 0 0 0 0 0 0.20867284 0 0 0.07158945 0 0 0 0 0 0 0 0 0 0 0.089382924 0.2953803 0 0 0 0 0 0 0 0 0
"3300037104_22" 0 0 0 0 0 0 0 0 0 0 0 0 0 0 0 0 0 0 0 0 0 0 0 0 0 0 0 0 0 0 0 0 0 0 0 1.283155 6.2204127 0 0 0 0 4.13696 0 0 6.2561455 3.8918512 7.4968166 0 0 0 0 0 0 0 0 0 0 0 0 0 0 0 0 0 0 0 0 6.521035 0 0 0 0 0 0 0 0 0 0 0 0 0 0 0 0 0 0 0 0 0 0 0 0 0 0 0 0 0 0 0 0 0 0 0 0 0 0 0 0 0 0 0 0 0 0 0 0 0 0
"20130700_E3X_9" 0 0 0 0 0 0 0 0 0 0 0 0 0 0 0 0 0 0 0 0 0 0 0 0 0 0 0 0 0 0 0 0 0 0 0 2.1036236 0.09350511 0 0 0 0.34820795 1.28769 0 0 7.1469603 11.738167 0.3057313 0 0 0 0 0 0 0 0 0 0 0 0 0 0 0 0.6119163 0 0 0 0 0 0 0 0 0 0 0 0 0 0 0 0.07151977 0 0 0 0.43030792 0 0 0 0 0 0 0 0 0 0 0 0 0 0 0 0 0 0 0 0 0 0 0 0 0 0 0 0 0 0 0 0 0 0 0
"20120800_E3S_18" 0 0 0 0 0 0 0 0 0 0 0 0 0 0 0 0 0 0 0 0 0 0 0 0 0 0 0 0 0 0 0 0 0 0 0 7.665472 0.0878724 0 0 0 1.9026253 0.19817609 0 0 7.8593507 2.9648767 6.6251383 0 0 0 0 0 0 0 0 0 0 0 0 0 0 0 0 0 0 0 0 0 0 0 0 0 0 0 0 0 0 0 0 0 0 0 0 0 0 0 0 0 0 0 0 0 0 0.05802211 0 0 0 0 0 0 0 0 0 0 0 0 0 0 0 0 0 0 0 0 0 0 0 0
"3300037225_15" 0 0.38305625 0.76416826 0.19478098 0.34873223 0.08541152 0.116457276 0.36432046 0.3861279 0 0 0 0 0 0 0 0.06037598 0.095622465 0.06334832 0 0.3816162 0.123026855 0 0.3954809 0 0 0 0 0 0 0 0 0.095794655 0.16917872 0 0.17329553 0.75935566 0 0.12755926 0.36804777 0.15385495 3.6796772 0.22605109 0.18112092 1.1626637 4.623433 1.1701015 0 0 0 0 0 0 0 0 0 0 0 0 0 0 0 0.19500567 0 0 0.06526245 0 0 0 0 0 0 0 0 0 0.66687375 0.3175634 0.56534636 0.41066492 0 0.5183971 0.52779454 0.44372478 0 0 0 0 0 0 0 0 0.54534876 0.5734302 0.38543648 0 0.39894775 0.504056 0 0 0 0 0 0 0 0 0 0.28257605 0.7832441 0.5823021 0 0.5105861 0.34662282 0 0 0 0 0 0
"20110800_E3D_30" 0 0 0 0 0 0 0 0 0 0 0 0 0 0 0 0 0 0 0 0 0 0 0 0 0 0 0 0 0 0 0 0 0 0 0 0 0 0 0 0 0.09519097 1.652827 0 0 0 0.088958904 0.22133861 0 0 0 0 0 0 0 0 0 0 0 0 0 0 0 0 0 0 0 0 0 0 0 0 0 0 0 0 0 0 0.07049516 0.29193312 0 0 0 0 0 0 0 0 0 0 0 0 0 0 0 0 0 0 0 0 0 0 0 0 0 0 0 0 0 0 0 0 0 0 0 0 0 0 0
"3300037076_10" 0 0 0 0 0 0 0 0 0 0 0 0 0 0 0 0 0 0 0 0 0 0 0 0 0 0 0 0 0 0 0 0 0 0 0 0.78703153 1.7471204 0 0 0 0 2.344538 0 0 1.3400736 1.2538631 2.74952 0 0 0 0 0 0 0 0 0 0 0 0 0 0 0 0 0 0 0 0 8.463594 0 0 0 0 0 0 0 0 0 0 0 0 0 0 0 0 0 0 0 0 0 0 0 0 0 0 0 0 0 0 0 0 0 0 0 0 0 0 0 0 0 0 0 0 0 0 0 0 0 0
"PLND01" 0 0 0 0 0 0 0 0.07136843 0.32345563 0 0 0 0 0 0 0 0 0 0 0 0 0 0 0 0 0 0 0 0 0 0 0 0 0 0 3.053359 0 0 0 0 2.760293 0.3956525 0 0 0.17631736 0.68279934 0.095336296 0 0 0 0 0 0 0 0 0 0 0 0 0 0 0 0 0 0 0 0 0 0 0 0 0 0 0 0 0 0 0 0.4559169 0 0 0 0.3085336 0 0 0 0 0 0 0 0 0 0.0728543 0.4087625 0 0 0 0 0 0 0 0 0 0 0 0 0 0 0 0 0 0 0 0 0 0 0 0
"20110800_E3D_3" 0 0 0 0 0.13338132 0.09066418 0 0 0.12366072 0 0 0 0 0 0 0 0 0.15215723 0 0 0.19904195 0 0 0.12780748 0 0 0 0 0 0 0 0 0 0 0.07794259 5.5185347 3.0855906 0 0 0 0.36458683 4.4660907 0 0 2.1088808 2.6734724 0.74836314 0 0 0 0 0 0 0 0 0 0 0 0 0 0 0.26961365 0.30546704 0 0 0.10844449 0 0 0 0 0 0 0 0 0 0 0 0 0.105785675 0 0 0 0 0 0 0 0 0 0 0 0 0 0 0.180104 0 0 0 0 0 0 0 0 0 0 0 0 0 0 0 0 0 0 0 0 0 0 0 0
