"genome" "711_P-1-S" "711_P-1-M" "711_P-1-D" "711_P-2-S" "711_P-2-M" "711_P-2-D" "711_P-3-S" "711_P-3-M" "711_P-3-D" "711_S-1-S" "711_S-3-M" "712_P-1-S" "712_P-1-M" "712_P-1-D" "712_P-2-S" "712_P-2-M" "712_P-2-D" "712_P-3-S" "712_P-3-M" "712_P-3-D" "712_S-1-S" "712_S-3-S" "713_E-3-X1" "713_P-1-X1" "713_P-3-M" "713_P-3-X1" "713_S-1-S" "713_S-1-D" "713_S-3-S" "713_S-3-M" "713_S-3-X1" "714_P1_20-24" "714_P1_30-34" "714_P3_30-34" "714_S1_1-5" "714_S2_1-5" "714_S2_5-9" "714_S3_1-5" "714_S3_5-9" "714_S3_10-14" "715_P1_1-5" "715_P1_10-14" "715_P1_20-24" "715_P1_30-34" "715_P2_1-5" "715_P2_10-14" "715_P2_20-24" "715_P3_1-5" "715_P3_10-14" "715_P3_20-24" "715_P3_30-34" "715_S1_1-5" "715_S2_10-14" "716_P1_1-5" "716_P1_10-14" "716_P1_30-34" "716_P2_1-5" "716_P2_10-14" "716_P2_20-24" "716_P2_30-34" "716_P3_1-5" "716_P3_10-14" "716_P3_20-24" "716_P3_30-34" "716_S1_1-5" "716_S1_20-24" "716_S1_30-34" "716_S2_1-5" "716_S2_10-14" "716_S2_20-24" "716_S3_10-14" "716_S3_20-24" "717_P1_10-14" "717_P1_20-24" "717_P2_1-5" "717_P2_10-14" "717_P2_20-24" "717_P3_1-5" "717_P3_10-14" "717_P3_20-24" "717_S2_1-5" "717_S2_20-24" "717_S3_1-5"
"20120500_P23_5" 0.4750166 0.64345586 0 2.5351353 1.2439502 0 0 3.2254012 0 0 0 0 2.2997923 0 0 17.765383 0 0.63874525 0.7773086 0 0 0 0 0 2.5815475 0 0 0 0 0 0 0 0 2.2970395 0 0 0 0 0 0 0 0.06611561 1.25831 14.355154 0.6061458 4.669208 0.75670975 0.0855418 0.44299796 3.7704606 17.99837 0 0 0.28914395 0.5960289 0 0.37758833 2.51934 0.6247357 0 4.003124 0.36048675 0 0 0 0 0 0 0 0 0 0 3.3464427 0.33262715 0.97892594 0.12671073 0 0 1.4068841 0 0 0 0
"20150700_P14_12" 0.28266108 0 0 1.8988692 0.76109385 0 0 1.3884614 0 0 0 0.05977588 6.573675 0 1.2597915 35.798916 0 0.81030685 0.33980832 0 0 0 0 0 3.4021444 0 0 0 0 0 0 0 0 1.048808 0 0 0 0 0 0 1.7702457 12.562232 30.90117 26.593899 0.78444713 3.737809 0 0.61435145 9.419579 7.698873 4.3075666 0 0 0 2.8601995 0 0.68949157 1.7205353 0 0 1.3132977 0.34258303 0 0 0 0 0 0 0 0 0 0 1.7778052 0 1.0813844 0 0 0.1601323 1.4151493 0 0 0 0
"20110700_P1S_10" 7.7775702 0.16049726 0 0.962981 0 0 0.4602382 4.4602876 0 0 0 1.0699128 3.8817685 0 1.1286876 4.05433 0 0.18312126 0.9991978 0 0 0 0 0 2.108063 0 0 0 0 0 0 0 0 0 0 0 0 0 0 0 0 0 3.0722814 5.662142 1.3688084 7.43755 0.19173513 1.2946934 1.0548921 8.265241 0.36619356 0 0 1.9374864 5.4581957 0 0.3633297 3.4237592 0.061370417 0 1.7054529 3.1385071 0.8818876 0 0 0 0 0 0 0 0 0 2.5504992 0 0.20857409 0 0 3.9976938 4.3185697 0.55701137 0 0 0
"20110700_P1M_3" 0.3498436 7.9689393 0 0.17740461 1.0189341 0 0 0.086930156 0 0 0 0 4.7512045 0 0.13920443 1.1503085 0 0.95747095 0.6719158 0 0 0 0 0 3.0288801 0 0 0 0 0 0 0 0 0 0 0 0 0 0 0 0 0.2308571 0.21203248 1.9706973 0 0 0 0.6214835 0.1547553 0.48861632 1.4253377 0 0 0.59671843 2.6341991 0 0 0.15308695 0 0 6.5468163 0.070760824 0 0 0 0 0 0 0 0 0 0 5.7082376 0 0.594863 0 0 0.057491094 0.39051226 0 0 0 0
"20150700_P14_7" 0.9142484 2.1831875 0 0.073742986 0.32694733 0 0 2.619883 0.12068025 0.27731478 0 0.2613395 11.3176 0 2.9603643 8.445574 0.081040025 0.19236952 14.023361 0 0 0.31792977 0 0 0.9259702 0 0.36824867 0 1.9480672 0.05659559 0 0 0 17.035503 0.16711059 1.0989604 0 4.987751 0.79554373 0.15848726 1.603704 23.249449 45.279846 60.49967 0.1921958 5.5753236 1.315344 0.38214627 4.233862 25.11567 13.661556 0.16371757 0 7.026967 4.283574 0 0.23734419 0.2562361 0.77933615 0 2.64696 2.8068135 1.2513239 0 12.401368 0 0 12.937034 0.3297716 0.14916457 0.09153033 0 21.068285 0.9019501 0 0 0 2.7386348 2.4640882 1.6106108 2.562844 0 2.2447486
"Palsa.Labelled.R3.T1.F3.JGI.BFC.metaspades_bin.45_83.28_6.50" 1.6026604 0.29748374 0 0.43593347 0.4314061 0 0.25217408 1.0612303 0.29688293 0 0 0.97722554 0.5712194 0.18620005 0.60878664 0.335972 0.16657905 0.6672853 0.07679978 0 0 0 0 0.21918459 0.50748855 0.10116852 0 0 0.19503038 0 0 0 0 0.29874387 0 0 0 0.08739662 0.056245156 0 0 0.30982283 0.42214808 0.59706414 0.5664388 0.19341317 0.16336487 0.12874918 0.33571342 0.9122436 0.3378631 0 0 0.07996044 0.31711465 0.119788885 0.22720136 0.6037785 0.11899512 0 0.16220997 0.28263658 0.16851151 0.16534635 0.36906764 0 0 0.7236402 0.1998496 0 0 0 0.6202235 0.52505976 0.41823098 0.18777588 0.12630267 0.66704696 0.9434072 0.25325388 0 0 0.40004236
"20120500_P31_8" 0 0 0 0.89517444 0.926352 0 0 0 0 0 0 0 0 0 0.2735676 0.5034323 0 0.07923938 0 0 0 0 0 0 0.09642691 0 0 0 0 0 0 0 0 0 0 0 0 0 0 0 0 0.3389646 0 0 0 0.6885037 0 0.5489589 0 1.298015 0 0 0 0 0 0 0.43160802 0.40561718 0 0 0 0.07103414 0 0 0 0 0 0 0 0 0 0 0.30984467 0 2.844668 0 0 0 0 0 0 0 0
"Palsa.None.R2.T0.JGI.BFC.metaspades_bin.137_79.13_4.55" 0.51634246 0.241236 0 2.1826818 1.6424582 0 0 1.7874225 0 0 0 1.5153638 1.9513651 0 0.25440902 4.9479923 0 1.5413995 0.10060902 0 0 0 0 0 2.8923037 0 0 0 0 0 0 0 0 0 0 0 0 0 0 0 0.76953596 2.2615774 0.59451 0.18305705 1.6662713 6.7355323 0.24781501 2.656286 2.3908489 5.6264224 0 0 0 0.3643942 1.5949409 0 1.6914488 7.067796 0 0 0.538683 1.1589676 0 0 0 0 0 0 0 0 0 0 3.1463153 0 1.4425409 0 0 0.3495702 3.2365263 0 0 0 0
"20150700_P15_9" 9.271218 2.2859495 0 0.45287123 26.652386 0 0 17.982895 0 0 0 8.107971 14.043874 0 2.0500188 22.03632 0 9.934188 18.429533 0 0 0 0 0 43.831596 0 0 0 0 0 0 0 0 61.119404 0 0 0 0 0 0 1.5137151 14.81806 20.833628 25.235157 3.590895 18.47155 6.4199657 17.173151 1.669882 16.36597 31.409925 0 0 11.876377 13.6726 1.1307201 5.006304 18.078905 3.6112235 0 37.751736 13.745321 16.518333 0 0 0 0 0.3720004 0 0 0 0 28.381557 2.984954 3.838967 0.06798588 0 7.4711657 10.946376 6.2401757 0 0 0
"20150700_P15_16" 0 0.43103692 0 0 0 0 0 1.107705 0 0 0 0 1.1695338 0 0 0.7726069 0 0 0.11777299 0 0 0 0 0 1.4751743 0 0 0 0 0 0 0 0 0 0 0 0 0 0 0 0 6.1929493 7.072725 13.023161 0 1.2251092 1.1138902 0 0 0.8749391 1.3893512 0 0 0 0 0 0 0.05807599 0.20683692 0 2.3841746 0 0.1029569 0 0 0 0 0.07332865 0 0 0 0 1.7423201 0.10071262 0 0 0 0.14795561 0 0.19634733 0 0 0
"20110800_P3S_5" 2.9161882 0.45769837 0 4.9415836 7.122953 0 1.5127778 1.2745174 0 0 0 2.103445 0 0 1.9884725 4.3696384 0 1.8575776 1.546137 0 0 0 0 0 8.355683 0 0 0 0 0 0 0 0 0 0 0 0 0 0 0 1.2836416 5.899915 7.3057237 1.1035948 2.1850343 5.64757 0.14676146 1.8121485 5.430797 6.418993 0 0 0 0.45500794 5.2412615 0 4.377946 6.8288674 0 0 1.0043234 2.578142 0 0 0 0 0 0 0 0 0 0 1.660472 0 5.2915463 0 0 0.3771807 2.6535463 0 0 0 0
"3300037228_7" 0.35821754 0.42916247 0 0.3181202 0.31564486 0 0 0.3466433 0 0 0 0.4755203 0.3996164 0 0.16501345 0.42887825 0 0.3398914 0.18869612 0 0 0 0 0 1.3575522 0 0 0 0 0 0 0 0 0.08671693 0 0 0 0 0 0 0 0.9037327 0.7438948 0.22816582 0.5209172 1.8967677 0.09353433 0.5601398 1.0729579 3.1362922 0.08841074 0 0 0.51752627 0.97024655 0 1.2359213 1.214024 0 0 0.42796376 2.0528598 0.07845283 0 0 0 0 0.09976471 0 0 0 0 0.62099147 0 0.7363103 0.10441807 0 0.10113544 0.49663353 0.07925291 0 0 0
"20110800_P1S_5" 2.8383923 1.327531 0 2.2137198 2.2800233 0 0.3995162 6.684303 0 0 0 0.9031346 18.465069 0 0.36646724 26.332716 0 3.566552 1.6832521 0 0 0 0 0 7.5372148 0 0 0 0 0 0 0 0 0 0 0 0 0 0 0 0 0 0.7223515 1.3805658 1.0497208 3.9093592 1.3678962 0.60605365 3.0370135 11.517479 0.86577165 0 0 0.4299289 2.8867788 0 1.7172618 15.448251 0 0 2.320938 2.4575186 0.14274874 0 0 0 0 0 0 0 0 0 10.052531 0 9.578247 0 0 0.28666627 5.410593 0.13189766 0 0 0
"20150700_P23_11" 0 0 0 0 0 0 0 22.625753 0 0 0 0 11.7767515 0 0 0.7315218 0 0 4.9802847 0 0 0 0 0 30.818869 0 0 0 0 0 0 0 0 0 0 0 0 0 0 0 0 0 0 0 0 51.787502 2.4289608 0 0 1.5117929 0 0 0 0 0 0 13.564227 52.068623 0 0 0.24792062 26.897964 0.0713948 0 0 0 0 0 0 0 0 0 0 0 0 0 0 0 1.1496795 0.09238888 0 0 0
"PMUP01" 0 2.6829526 0 1.5865018 12.152268 0 0 28.820448 0 0 0 0.16443817 8.848809 0 0 10.223991 0 3.0134563 5.71767 0 0 0 0 0 13.104734 0 0 0 0 0 0 0 0 0.110613346 0 0 0 0 0 0 0 0 0 0.6815269 1.3326505 7.854932 6.3925333 0.14325736 0.92090183 5.392273 8.194729 0 0 0 0.7210071 0 5.88619 26.760431 0.06369395 0 18.09677 6.5848837 0.80914974 0 0 0 0 0 0 0 0 0 8.708412 0 4.00072 0 0 0.090214804 13.676466 0.70489585 0 0 0
"20150700_P15_4" 2.390656 4.8863707 0 2.5017357 14.256095 0 0 21.433044 0 0 0.25581256 0.6645976 18.040133 0 3.0564418 59.421417 0 4.1499243 11.934663 0 0 0 0 0 14.689875 0 0 0 0.34303546 0.13043737 0.12365947 0 0 2.381521 0 0 0 0 0 0 0.7643642 18.941868 34.69213 91.90872 2.4687665 11.124654 6.4150257 1.0207399 17.62276 22.94376 9.08712 0 0 8.519269 12.735064 0.77501357 2.961497 6.1171117 4.7636514 0 13.127107 5.0943985 21.279604 0 0.2682645 0.06564502 0 0.6644447 11.268087 0.69122154 0 0.13540155 16.15163 1.6421409 1.5257286 0 0 3.160295 5.6845593 1.0774578 0.12101739 0.06912775 0
"20150700_P15_11" 2.1966567 11.853964 0 3.4160156 1.7194747 0 0.15012336 6.997909 0 0 0 0.0839773 16.931692 0 1.5830126 45.116417 0 0.3082146 19.36124 0 0 0 0 0 3.7001982 0 0 0 0 0 0 0 0 0.5784516 0 0 0 0 0 0 1.5127357 5.1664352 12.571989 69.86773 0.51721424 4.4704475 1.2804173 1.9036397 4.688599 37.2075 36.879223 0 0 0.66648316 2.9125755 0.48649722 2.299102 4.9882526 0.3196721 0 7.4315305 3.4957125 2.14238 0 0 0 0 0.38059902 3.2073514 0.20888136 0 0 18.73982 5.2692757 1.0912873 0 0 2.3068995 2.4226124 0.2160922 0 0 0
"20150700_P15_5" 2.6273477 3.5403793 0 1.6017816 3.5215087 0 1.7856734 3.3158393 0.2635798 0.13044868 0 2.2249706 3.0593991 0 1.715542 22.67296 0.58040106 1.0571405 8.27472 0 0 0.43011156 0 0.1542339 0.6388529 0 0.18717577 0 3.080136 0 0 0 0 0.8180681 0 0.17150243 0 0.581299 1.0306107 0.073134445 1.1483214 2.0088577 10.414695 68.94876 1.1441759 4.6270404 0.81596303 9.103022 7.8564434 23.242788 2.0549479 0 0 4.753449 7.531266 0.08465386 5.7270536 6.9005175 0.27961916 1.0510201 1.6805701 10.513503 4.0012064 0 5.6052804 0 0 5.250199 6.5592794 0.2257438 0.5152973 0 12.025132 0.35417402 0.16955084 0 0 4.823678 4.431592 1.2245293 2.063443 0 3.152128
"20120600_P3M_2" 4.9001737 1.5145651 0 0.8462361 2.7026298 0 0.4508589 6.7510915 0 0 0 2.9826012 6.119866 0 0.9880812 2.494134 0 1.433022 2.0085607 0 0 0 0 0 1.1107993 0 0 0 0 0 0 0 0 0 0 0 0 0 0 0 0.18244672 0.6471836 0.68640786 4.134974 0.21823387 2.423928 0.21352643 0.14289722 1.890963 2.7455986 1.8762877 0 0 0.5962583 5.282761 0 1.8060067 4.598253 0.08470769 0 5.0491366 4.3088183 4.305295 0 0 0 0 0 0 0 0 0 6.8965335 0 0.6597928 0.5091005 0 2.6922696 5.9063144 2.362218 0 0 0
"20120700_P3D_40" 0.28930527 1.8004394 1.3531641 2.0560174 2.0598168 0.313558 0.77552634 5.729583 0.9800253 0 0 0.5767292 5.3867207 0.535554 0.32107794 8.437365 1.2537371 0.60396 2.522174 1.1051189 0 0 0.4919152 0.60253495 2.2876556 0.22851664 0 0 0 0 0 1.4197727 1.339286 1.6987183 0 0 0 0 0 0 0 1.4011105 2.3740406 3.9361243 0.38755563 3.1690936 1.1414515 1.3591735 1.3124202 3.5517273 2.89942 0 0 0.1485901 0.75617635 0.3418031 2.0122602 2.6702766 1.8730773 1.015463 2.755172 1.860248 3.0209901 0.6663638 0 0.6730384 0.06383925 0 0 0 0 0 4.0998716 1.1634196 0.95281285 0.47667804 0.90320116 2.8966365 2.4291112 2.034667 0 0 0
"Palsa.None.R2.T0.JGI.BFC.metaspades_bin.152_78.26_8.29" 1.5615487 3.3675997 0 7.9031625 5.2521095 0 4.143644 0.8840211 0.1411656 0.60471183 0 1.6552365 1.6075068 0 2.5244296 3.7949147 0 0.4882166 1.3876365 0 0.12775347 1.5498848 0 0 0.9804152 0 0.39878517 0.075890146 5.360132 0.08320095 0 0 0 0 0.09483679 0.40266484 0.06499507 3.2050123 2.6027489 0.121671945 0.757448 1.6888496 2.2321393 5.1916533 0.9455093 2.0844455 0.10767121 1.9328644 3.0426238 6.2661643 0.7130429 0 0.07169427 2.4749572 3.8316326 0.09880342 5.6656566 4.7952 0.11458749 0.2695879 1.7121416 5.072712 0.64726835 0 9.907848 0 0 5.6744466 1.6794059 0.12651491 0.6742551 0 4.5126896 0.15149191 2.2073507 0.1474431 0 1.7971544 1.5752953 0.12388753 1.4489233 0 3.7435298
"20120600_P2M_5" 11.276121 0.955464 0 10.206233 0.4163414 0 13.338403 12.514153 0 0 0 14.574838 13.494407 0 0.73563665 21.554579 0 14.396263 7.556116 0 0 0 0 0 20.021648 0 0 0 0 0 0 0 0 0 0 0 0 0 0 0 0.2697942 0.16981165 1.7449692 17.752579 12.139658 10.752645 0.66982305 10.134748 0.7484081 15.606036 7.3221235 0 0 4.3941364 11.655118 0 10.674529 25.09952 0 0 9.433519 8.875417 5.80477 0 0 0 0 0 0 0 0 0 18.225204 0 11.300854 0 0 15.206341 15.569981 3.3460717 0 0 0
"20110700_P3S_5" 20.135307 0.49655908 0 23.718594 0.54454887 0 13.670096 5.9951835 0 0 0 7.582264 11.327547 0 13.154223 17.77166 0 7.1523013 7.595311 0 0 0 0 0 11.592066 0 0 0 0 0 0 0 0 1.2119937 0 0 0 0 0 0 1.1991506 1.0423847 10.734773 17.244211 7.0228715 15.553418 1.6625408 7.2570314 5.4566402 9.08402 5.4253073 0 0 2.2144952 20.792953 0 22.221323 22.928583 0.27123684 0 14.450851 9.970973 4.8206744 0 0 0 0 0 0 0 0 0 26.732426 0 34.184875 0 0 10.535775 10.139885 2.1792426 0 0 0
"20120600_P3M_11" 14.110145 5.9482126 0 24.602402 23.953568 0 2.4833548 10.144263 0 0 0 3.374574 13.449187 0 10.839394 19.439056 0 14.888589 6.1114144 0 0 0 0 0 15.78448 0 0 0 0 0 0 0 0 0.34930718 0 0 0 0.06968457 0 0 1.1430333 0.47454178 3.9729574 26.551397 3.0774894 11.780567 2.0887446 9.833916 12.907679 17.175789 0.44327536 0 0 0.7118517 13.292763 0 3.7630255 12.420825 0.50556475 0 9.058778 7.5171256 5.747919 0 0 0 0 0.23779672 0 0 0 0 24.534037 0.3897612 33.93567 0.17936885 0 5.6033235 11.931731 4.714512 0 0 0
"20120800_P2M_7" 3.841792 7.0829196 0 5.2266297 13.403867 0 0.81659657 30.10767 0 0 0 7.193491 24.985302 0 1.3944985 22.870138 0 7.795727 12.838082 0 0 0 0 0 149.06296 0 0 0 0 0 0 0.15681832 0 2.109018 0 0 0 0 0 0 0.25616086 0.12203578 2.2844594 17.539063 7.946045 35.683903 19.513702 38.325768 43.275173 26.631718 3.441007 0 0 1.2033043 5.0479693 0 31.804256 157.97539 6.0592303 0 10.036561 15.897539 4.381917 0 0 0 0 0.064968966 0 0 0 0 34.02909 0.70137894 9.800525 0.060218785 0 5.560023 36.14348 1.250173 0 0 0
"20110800_P3S_2" 3.5748281 0.7301197 0 2.3528264 1.4676853 0 2.2635107 3.2550104 0 0 0 4.9038224 3.380926 0 3.2003453 1.552644 0 0.8162703 3.8323922 0 0 0 0 0 2.2758548 0 0 0 0 0 0 0 0 0 0 0.0565285 0 0 0 0 0 0 0 8.721044 14.836591 19.12678 0.8247688 8.095239 4.273504 24.481764 0.35831255 0 0 0 6.7746854 0 10.410963 7.7503843 0 0 22.502857 6.701816 1.2381725 0 0 0 0 0 0 0 0 0 14.838836 0 6.7668004 0 0 0.40517962 11.149926 0 0 0 0
"20120600_P2M_8" 0 0 0 0.55841416 0 0 0 3.4389248 0 0 0 0 1.281309 0 0 4.5586023 0 0 0 0 0 0 0 0 27.897696 0 0 0 0 0 0 0 0 0 0 0 0 0 0 0 0 0 0 0 0.17580777 16.010345 0.07147969 1.9250417 0 1.4884855 0 0 0 0 1.1626198 0 21.802692 81.59446 0 0 0 36.01886 0 0 0 0 0 0 0 0 0 0 8.348011 0 0 0 0 0.06329297 34.792362 0 0 0 0
"20170700_P33_1" 0 0 0 0 0 0 0.80959713 11.388633 0 0 0 2.9849346 10.045686 0 0 4.360995 0 0 9.098382 0 0 0 0 0 5.96887 0 0 0 0 0 0 0 0 0 0 0 0 0 0 0 0 0 0 2.6375005 4.8029513 10.155492 0.23278996 0 0 0.5074756 4.250157 0 0 0.7543169 5.89123 0 2.7590387 11.583405 0 0 22.388233 6.948911 6.6941657 0 0 0 0 0 0 0 0 0 12.406575 0 0 0 0 4.5195327 18.95468 1.3541942 0 0 0
"20150700_P23_12" 0 0 0 0 0 0 0 0.13918038 0 0 0 0.67260814 0 0 0 0 0 0 0 0 0 0 0 0 5.4937897 0 0 0 0 0 0 0 0 0 0 0 0 0 0 0 0 0 0 0 0 19.525158 0.058023836 0 0 0 0 0 0 0 0 0 5.272183 5.3826094 0 0 0 1.6610078 0 0 0 0 0 0 0 0 0 0 0 0 0 0 0 5.311029 0.4517585 0 0 0 0
"20120700_P2M_5" 1.9103212 2.1791806 0 10.713445 5.866322 0 0.57739854 45.888866 0 0 0 4.0945454 44.080475 0 8.519156 47.796803 0 10.342091 21.300156 0 0 0 0 0 32.890583 0 0 0 0 0 0 0 0 0 0 0 0 0 0 0 0.6036911 0.32955337 2.9445837 8.7863035 4.570122 29.815619 8.979613 5.003831 5.6177206 25.359957 0 0 0 3.1271875 13.775224 0 6.4231095 34.08438 0.46409416 0 14.672439 15.049856 0.38095987 0 0 0 0 0 0 0 0 0 50.92619 0 13.8472 0 0 8.015319 30.561872 0.92016745 0 0 0
"20120700_P1M_1" 4.4668 0.6491167 0 2.2007375 0.72345966 0 10.27258 49.541004 0 0 0 7.193141 27.698267 0 9.356341 20.23415 0.22819889 3.0165029 29.551052 0 0 0 0 0 16.772903 0 0 0 0.08950335 0 0 0 0 2.6505613 0 0.062154915 0 0.8980045 0.57495505 0 3.7210574 3.0947688 4.917817 5.7732725 3.317436 16.149601 7.780806 4.516825 7.4536424 17.514471 22.571445 0 0 3.19605 3.9798045 1.4434404 15.58105 27.97222 0.2936748 0 7.120319 10.90721 20.797012 0.8817266 0.17447194 0 0 1.7382507 0 0 0 0 9.916605 1.9537046 2.355907 0.13998532 0.16092438 7.8807898 20.927656 12.387356 0 0 1.0052073
"20110700_P3M_9" 1.268356 4.375458 0 9.918287 6.9305444 0 7.437749 50.779007 0 0 0 11.493603 24.004467 0 2.33922 28.108677 0 13.514258 12.573035 0 0 0 0 0 20.536959 0 0 0 0 0 0 0 0 0 0 0 0 0 0 0 0.1320846 0.9962895 7.5904098 29.415352 12.529815 20.758837 5.5138273 4.304072 16.427826 31.017508 13.706033 0 0 5.942438 20.465473 0 16.476027 45.571236 0.234229 0 45.369923 26.919209 6.926891 0 0 0 0 0.29137346 0 0 0 0 27.852274 0 5.392764 0 0 24.004671 37.18044 6.463633 0 0 0
"20150700_P15_13" 0 0.4480284 0 0 0.5405526 0 0 0.7013764 0 0.17814076 0 0 1.0477934 0 0 3.4047577 0 0.23288846 0.4188565 0 0 0 0 0 0.22731498 0 0 0 0 0 0 0 0 0.09266133 0.14458248 2.079962 0 1.5270984 0.3614107 0 0 7.406856 20.78627 23.351276 0.31370753 6.685144 0.5871564 1.1477062 0 3.5401762 1.2047968 0 0 0.4841873 0.5339764 0 1.2245319 2.409493 0.43618017 0 8.881975 2.665476 0.6404876 0 0.17037421 0 0 0.67460674 0 0 0 0 7.2053356 0.22787425 0 0 0 0 0.943069 0.94114447 0 0 0
"20150700_P14_6" 0 1.0982182 0 0 1.1603336 0 0 1.1922528 0 0 0 0 0.63849884 0 0 0 0 0 0.13674644 0 0 0 0 0 2.4492464 0 0 0 0 0 0 0 0 0 0 0 0 0 0 0 0 2.7850711 20.798935 6.497929 0 0.9675801 0.42067084 0 0 1.0316905 0 0 0 0 0 0 0.6265333 1.2996887 0.17283164 0 7.117476 1.3137311 0.41780603 0 0 0 0 0 0 0 0 0 8.474825 0.060286395 0 0.7012683 0 0 4.5899925 0.28986585 0 0 0
"20150700_P21_1" 7.1615763 4.966757 0 9.425169 5.705733 0 3.193023 4.7607393 0 0 0 14.089781 7.1989303 0 8.198899 10.660319 0 8.957105 5.1119933 0 0 0 0 0 9.820189 0 0 0 0 0 0 0 0 0.11246516 0 0 0 0.16080198 0 0 4.760077 5.2832184 3.0485473 2.9555933 5.1559777 7.8530426 1.584652 18.239508 8.233142 7.0062165 1.5033946 0 0 15.030801 7.902504 0 4.9260583 6.9634547 0.97917604 0 3.2751498 7.587071 4.680734 0 0.11707598 0 0 0.84723866 0 0 0 0 8.689577 1.0230758 11.296942 0.07574712 0 9.858292 8.143804 6.9901237 0 0 0
"Palsa.None.R2.T0.JGI.BFC.metaspades_bin.298_98.43_2.66" 0 0.97370785 0 0 0.43288267 0 0.6551808 2.7270372 0.36112145 0 0 0 1.4803889 0 0 0.45636877 0.08231809 0 5.9326954 0 0 0.13488002 0 0 1.9373326 0 0.06486361 0 1.0929655 0 0 0 0 0 0 0.12604432 0 14.36282 4.0434947 0.19240779 0.16399623 0.20910007 0.2173903 3.2703588 0.9436114 3.6744795 0.077220656 0.14711373 0 1.9965314 0.19209336 0 0 0.2716599 0.6225411 0.16663681 1.5621675 3.6676319 0.34435686 0 3.3325367 3.7367744 1.5789541 0.13738205 2.687577 0 0 0.69512296 0 0 0 0 1.0513502 0 0.34737787 1.003215 0.17956127 1.5207347 2.4505591 0.4757572 0.76078916 0 2.8289669
"3300036901_8" 2.8759284 1.5915623 0 4.4203653 1.2007425 0 0.21800077 7.548985 0 0 0 3.2958982 3.4884908 0 3.4092555 2.7478695 0 5.4679427 1.5605825 0 0 0 0 0 3.7025878 0 0 0 0 0 0 0 0 0.07819215 0 0 0 0 0 0 0.46474364 12.0982065 7.685531 2.7855384 4.2067657 4.22165 0.7297549 2.8838942 4.860754 2.9887834 0.072589226 0 0 1.0916718 3.6455164 0 1.0025655 4.831356 0.8177908 0 1.3380306 2.0043447 0.106588274 0 0 0 0 0 0 0 0 0 3.0319817 0 4.9217663 1.1079682 0.060460318 0.41774857 4.9416456 0.16798437 0 0 0
"20110700_P3M_3" 0 0 0 0 0 0 0 23.65719 0 0 0 0.061603297 9.852948 0 0 9.325922 0 0 0 0 0 0 0 0 2.5681405 0 0 0 0 0 0 0 0 0 0 0 0 0 0 0 0 0 0 0.10160334 0.78166103 8.5954685 0 0.41983074 2.001718 3.5366175 0 0 0 0 0 0 0.50867254 4.5037665 0.055809062 0 0.3829179 2.8089151 0.25870717 0 0 0 0 0 0 0 0 0 0.44520319 0 0 0 0 0 6.531947 0 0 0 0
"20120500_P31_6" 8.063174 0.7104132 0 22.23467 1.1073778 0 0.2125074 5.4941616 0 0 0 1.7568933 5.898285 0 3.7115026 8.502897 0 8.866986 2.641084 0 0 0 0 0 6.3945556 0 0 0 0 0 0 0 0 0.6510286 0 0 0 0 0 0 0.7405226 8.834459 15.359235 10.804993 2.5577972 4.6730185 2.9508178 4.0960054 4.3828573 12.810672 1.364535 0 0 0.38809642 2.761282 0.37295267 3.3279881 6.02254 0.5222226 0 4.1313186 2.7390835 2.1759665 0 0.06262728 0 0 0 0 0 0 0 10.063429 0.093086965 14.718172 0.5964194 0.14107369 0.8538968 1.6609647 0.4066723 0 0 0
"Palsa.Labelled.R3.T1.F2.trimmomatic.metaspades_bin.24_90.12_0.10" 1.9628857 0.14685898 0 0 2.6998057 0 7.6641383 4.9048824 0 0 0 0.20767991 2.261158 0 0.36028966 2.31818 0 0 0.07187904 0 0 0 0 0 2.2734344 0 0 0 0 0 0 0 0 0 0 0 0 0 0 0 0 0 0 0.7331239 2.1826472 1.4639485 0.161006 1.2992102 0.7178557 1.7220435 0 0 0 0.34517604 2.537701 0 1.2812965 5.442089 0.40199766 0 0.3848589 0.94004244 0.09974442 0 0 0 0 0 0 0 0 0 0.35771188 0 0 1.2326655 0 3.0435379 8.718581 0.2416877 0 0 0
"20150700_P15_1" 2.1144016 1.5860112 0 0 3.6659396 0 0.11443639 5.899393 0 0 0 0.058834348 2.7874873 0 0 3.276711 0 0 5.9035993 0 0 0 0 0 0 0 0 0 0 0 0 0 0 0.87861663 0 0 0 0 0 0 0 0.38280082 0.693208 11.1565695 0.70874655 3.2344828 0 0 0 0.43616876 2.996254 0 0 0 3.2236962 0.7683136 0.4823389 1.7176969 0.6803751 0 1.20484 2.013431 4.184162 0 0 0 0 0 0 0 0 0 1.4846413 0.8749906 0 0 0 0.81602585 2.9336145 2.578162 0 0 0
