"genome" "711_P-1-M" "711_S-1-S" "711_S-1-M" "711_S-2-M" "711_S-3-M" "712_P-1-M" "712_P-1-D" "712_S-1-S" "712_S-1-M" "712_S-1-D" "712_S-1-X" "712_S-2-D" "712_S-3-S" "713_S-1-S" "713_S-1-M" "713_S-1-X0" "713_S-2-S" "713_S-2-M" "713_S-2-D" "713_S-3-S" "713_S-3-M" "713_S-3-D" "714_S1_1-5" "714_S1_5-9" "714_S1_10-14" "714_S2_1-5" "714_S2_5-9" "714_S2_20-24" "714_S3_1-5" "714_S3_5-9" "714_S3_10-14" "715_P1_1-5" "715_P1_10-14" "715_P1_20-24" "715_S1_1-5" "715_S2_10-14" "715_S3_20-24" "715_S3_30-34" "716_P1_1-5" "716_P1_10-14" "716_P1_30-34" "716_P3_1-5" "716_S1_1-5" "716_S2_1-5" "716_S2_10-14" "716_S2_20-24" "716_S3_10-14" "717_P1_10-14" "717_P2_10-14" "717_P2_20-24" "717_P3_1-5" "717_P3_20-24" "717_S2_1-5" "717_S2_10-14" "717_S2_20-24" "717_S2_30-34" "717_S3_1-5"
"20110800_S1S_1" 0 2.5978692 0 0 0 0 0 6.5371895 3.87846 0.2650718 0 0.388612 2.3031414 1.1727575 0 0 6.41853 0.06520715 0 1.1952008 0 0 1.7201464 0 0 1.1073418 0 0 0.8388062 0.5034745 0 0 0 0 1.5144992 0.05824475 0.10092884 0.10806527 0 0 0 0 0.6111492 1.5700889 0.089838065 0 0 0 0 0 0 0 2.0120687 0 0 0 0.68204665
"Bog.None.R2.T0.trimmomatic.megahit_bin.247_70.69_0.00" 0 12.441654 0 0 0 0 0 1.1497736 0.6168738 0 0 0.16187778 2.5010493 0.06122937 0 0 0.3005775 0 0 0.55135417 0 0 0.15264066 0 0 0.52076405 0 0 0.58544886 0 0 0 0 0 0 0 0 0 0 0 0 0 0.08401241 2.915115 0 0 0 0 0 0 0 0 0.9945173 0 0 0 0
"3300037549_16" 0 2.0800304 0 0 0 0 0 1.1994255 0.73319495 0.1032459 0 0.08219496 0.5045421 0.8417506 0.29831806 0 1.7056999 0 0 0 0 0 0.17258193 0 0 0 0 0 0 0 0 0 0 0 0 0 0 0 0 0 0 0 0 0 0 0 0 0 0 0 0 0 0.24160428 0 0 0 0
"Bog.Unlabelled.R3.T2.F3.trimmomatic.metaspades_bin.165_74.19_4.27" 0 4.393781 0 0 0 0 0 5.4049087 2.5658484 0.21639691 0 0.20238036 1.025794 2.9141688 0.274778 0 7.7498183 0.080846384 0.08716301 0.14132537 0 0 0.8927035 0 0 0.3480063 0 0 0.105465 0.057548255 0 0 0 0 0.1444042 0 0 0 0 0 0 0 0.21464072 0.6193685 0 0 0 0 0 0 0 0 1.3403939 0 0 0 0.07416899
"20110800_S1S_9" 0 0.15245518 0 0 0 0 0 4.7253013 5.019365 0 0 0 0.18499821 0.5075134 0 0 3.2500825 0 0 0.06894498 0 0 1.4737232 0 0 0.3657779 0 0 0 0 0 0 0 0 0.557269 0 0 0 0 0 0 0 0 0 0 0 0 0 0 0 0 0 0.36708924 0 0 0 0
"20130700_S2S_8" 0 21.872723 0 0.10349025 0 0 0 18.767822 16.209517 0.42681888 0.08234793 0.9102038 11.933535 5.2448707 0.40728292 0.12288064 58.553257 0.43949592 0.47860053 1.5712792 0 0 1.4328127 0 0 4.9610004 0 0 0.091889866 0 0 0 0 0 0.16500303 0 0.12970556 0.2646002 0 0 0 0 0.5562217 21.692474 0 0 0 0 0 0 0 0 4.7582006 0 0 0 0.17016709
"20120700_S1S_11" 0 5.853869 0 0 0 0 0 19.04341 1.4219853 0.08801219 0 0.06865875 5.4041333 0.16006552 0 0 5.610327 0 0 0.14905694 0 0 0 0 0 0 0 0 0.50918394 0 0 0 0 0 0.104758896 0 0 0 0 0 0 0 0 3.6417694 0 0 0 0 0 0 0 0 0.6254299 0 0 0 0
"20160700_E21_3" 0 6.259039 0 0 0 0 0 5.815782 0.68319917 0 0 0.11841756 2.796275 0.4052985 0 0 3.1001098 0 0 0.118733495 0 0 0.10976214 0 0 0.38542533 0 0 0.07357022 0 0 0 0 0 0.15466382 0 0 0.12711728 0 0 0 0 0.07003293 3.122376 0 0 0 0 0 0 0 0 1.8420918 0 0 0 0
"20120700_S1S_3" 0 4.5997057 0 0 0 0 0 23.154644 5.592245 0.60437465 0 0.5123794 5.678945 2.9676821 0.12218729 0 12.944693 0.09823531 0.09372979 2.3819776 0 0 2.2881851 0 0.056008596 2.5291648 0 0 0.49439126 0.09033899 0 0 0 0 2.5066953 0 0.15229702 0.18139216 0 0 0 0 0.3618313 1.855795 0 0 0 0 0 0 0 0 4.4512243 0 0 0 0.24765602
"20110800_S1S_6" 0 32.664677 0.1393098 0.12186407 0 0 0 32.27337 6.2799187 0.40593642 0 1.495356 21.65342 3.3094363 0.25663802 0 17.848745 0.19465326 0.20262142 10.277455 0.09353142 0.070274815 5.114598 0.06615142 0.19784968 15.576692 0 0.21188875 2.444474 0.79593456 0 0 0 0 2.8260176 0 0.39669222 0.46238443 0 0 0 0 2.2507749 39.717823 0 0.15949824 0 0 0 0 0 0 15.000786 0 0 0 2.1023965
"20110800_S1S_3" 0 1.5469834 0.13271345 0 0 0 0 1.3134718 0.9148082 0.07803765 0 0 0.8813919 0 0 0 0.3976496 0 0 0.21463458 0 0 0.23953357 0 0 0.2963003 0 0 0.25463116 0.079516195 0 0 0 0 1.0900227 0 0.081542216 0 0 0 0 0 0.06037309 0.34722826 0 0 0.06281585 0 0 0 0 0 0.7782304 0 0 0 1.1316928
"Bog.None.R3.T0.trimmomatic.megahit_bin.67_73.32_6.98" 0 3.010524 0 0 0 0 0 1.2229985 1.5689731 0 0 0.07460295 3.041762 0.3873493 0 0 0.9134958 0 0 8.217334 0.07229412 0 1.0645922 0 0 0.42659727 0.2923547 0 0.64968497 0.07207807 0 0 0.088321865 0.060708005 1.0929332 0.31192496 0 0 0 0 0 0 0.32973427 3.3040333 0.3058409 0 0.07759164 0 0 0 0 0 2.9390478 0 0 0 1.5374575
"Bog.None.R2.T0.trimmomatic.megahit_bin.356_99.38_2.70" 0 1.4017016 0 0 0 0 0 1.9975085 0.124181926 0 0 0 2.1759984 0.07097738 0 0 1.0560485 0 0 0.13834248 0 0 0.059533656 0 0 0.08246319 0 0 0.25069806 0 0 0 0 0 0 0.15833601 0 0 0 0 0 0 0 1.0780264 0.06447695 0 0 0 0 0 0 0 0.09877947 0 0 0 0.1815379
"Bog.None.R2.T0.JGI.BFC.metaspades_bin.347_81.27_8.23" 0 0.23776498 0 0 0 0 0 0.1686993 0 0 0 0 0.17527668 0 0 0 0 0 0 0 0 0 0.075648494 0 0 0.26518697 0 0 0.25766194 0 0 0 0.055693775 0 0.13778363 0 0 0 0 0 0 0 0 0.5974261 0 0 0 0 0 0 0 0 0.06613995 0 0 0 0.14635739
"20110800_S3S_9" 0 3.3843246 0 0 0 0 0 2.9557886 0.84164256 0 0 0.070476025 1.533773 0.058918208 0 0 0.64951205 0 0 0 0 0 0 0 0 0.28860375 0 0 0 0 0 0 0 0 0 0 0 0 0 0 0 0 0 4.3206854 0 0 0 0 0 0 0 0 1.1738657 0 0 0 0
"20160700_E21_11" 0 5.1165366 0 0 0 0 0 0.59563583 0.14483428 0 0 0 1.8849614 1.45919 0.1463177 0 5.0989556 0 0 0.17917116 0 0 0.1392487 0 0 0.20225345 0 0 0 0 0 0 0 0 0 0 0.05971336 0.08299245 0 0 0 0 0 6.812866 0 0 0 0 0 0 0 0 1.0828463 0 0 0 0.08603813
"20110800_S1S_18" 0 0.60642296 0 0 0 0 0 3.464216 0.10130428 0 0 0 0.6462984 0 0 0 0.09874521 0 0 0 0 0 0 0 0 0 0 0 0.14769411 0 0 0 0 0 0 0 0 0 0.06959288 0 0 0 0 0.83255893 0 0 0 0 0 0 0 0 0.270081 0 0 0 0.11085559
"20110800_S3S_23" 0 5.902554 0 0 0 0 0 0 0.24503386 0 0 0 6.394804 0.8496326 0 0 0 0 0 0.92204404 0 0 0.8638717 0 0 2.9827542 0 0 2.226297 0 0 0 0 0 0 0 0 0 0 0 0 0 0.27262837 6.9906893 0 0 0 0 0 0 0 0 2.9551356 0 0 0 0.5213434
"Bog.Unlabelled.R2.T3.F1.JGI.BFC.metaspades_bin.8_92.23_3.04" 0 2.7055247 0 0 0 0 0 1.9945651 0.50146574 0 0 0 0.986731 0.31921604 0 0 1.0187603 0 0 0 0 0 0.21686335 0 0 0.16979757 0 0 0 0 0 0 0 0 0 0 0 0 0 0 0 0 0.11681496 2.0435457 0 0 0 0 0 0 0 0 1.8205761 0 0 0 0
"Bog.Unlabelled.R2.T2.F1.JGI.BFC.metaspades_bin.57_88.81_1.01" 0 9.154164 0 0 0 0 0 12.857923 4.2542963 0.11447906 0 0.29910758 5.0817842 0.53531677 0 0 2.3142533 0 0.06819725 0.30159336 0 0 0.56308013 0 0 1.8720231 0 0 0.14063585 0 0 0 0.055577684 0 0.11531789 0 0.070191644 0.07071602 0 0 0 0 0.07454255 10.897246 0 0 0 0 0 0 0 0 1.7311388 0 0 0 0
"20110800_S3S_24" 0 24.239471 0 0 0 0 0 0 0 0 0 0 6.2786036 0.31301928 0 0 0 0 0 3.0056698 0 0 0.6060369 0 0 2.0618815 0 0 1.7597506 0 0 0 0 0 0.07397514 0 0 0 0 0 0 0 1.3201556 21.549938 0 0 0 0 0 0 0 0 4.542904 0 0 0 0.58334935
"Bog.None.R2.T0.JGI.BFC.metaspades_bin.201_94.78_1.81" 0 0.5768705 0 0 0 0 0 0.76126075 0.19577986 0 0 0 0.7431149 0.061395284 0 0 0.10433793 0 0 1.2484396 0 0 0.0929126 0 0 6.4362726 0 0 0.18134554 0.11850488 0 0.20771776 0 0 0.07163983 0 0 0 0 0 0 0 0.40706405 1.3487766 0 0 0 0 0 0 0 0 0.80881804 0 0 0 0.66378856
"20150700_S21_10" 0 7.19294 0 0 0 0 0 0.3885729 0 0 0 0 2.631272 0.08912125 0 0 0 0 0 1.1805931 0 0 0.9037375 0 0 3.5569637 0 0 1.8518026 0.11645534 0 0 0 0 0.2638398 0 0 0.09358305 0 0 0 0 5.881968 8.225536 0 0.06819672 0.088834494 0 0 0 0 0 7.4367704 0 0 0 1.0762829
"20110800_S3S_26" 0 0.28447232 0 0 0 0 0 1.4618899 0.10812037 0 0 0.16141962 0.18414202 0 0 0 0.10565503 0 0 0 0 0 0 0 0 0.83334506 0 0 0.48715016 0 0 0 0 0 0 0 0 0 0 0 0 0 0 0.6509151 0 0 0 0 0 0 0 0 0.45566255 0 0 0 0
"20111000_S3S_10" 0 0 0 0 0 0 0 4.3470597 0.3519641 0 0 0.3883226 0.22912392 0 0 0 0.3493968 0 0 0 0 0 0.19807044 0 0 1.1793734 0 0 0.38900012 0 0 0 0 0 0 0 0.07712219 0.05692417 0 0 0 0 0 0.31237027 0 0 0 0 0 0 0 0 0.17291996 0 0 0 0
"Bog.Unlabelled.R2.T3.F2.trimmomatic.metaspades_bin.46_85.62_3.11" 0 2.6372054 0 0 0 0 0 4.3185964 0.12629993 0 0 0 1.7328185 0.28143775 0 0 0.18831782 0 0 0.42550078 0 0 0.38963744 0 0 0.67492574 0 0 0.5552545 0.11117751 0 0 0 0 0.28295034 0 0 0 0 0 0 0 0.7375884 0.79813325 0 0 0 0 0 0 0 0 2.1242678 0 0 0 0.3077354
"Bog.None.R3.T0.JGI.BFC.metaspades_bin.275_96.71_5.17" 0 0.09968718 0 0 0 0 0 1.2988633 2.623425 0 0 0 0.23052178 0 0 0 1.267642 0 0 0.3193019 0 0 0.30819693 0 0 1.1397231 0 0 0 0 0 0 0 0 0.7182245 0 0 0 0 0 0 0 0.0721742 0 0 0 0 0 0 0 0 0 0.81186825 0 0 0 0.14983375
"20130700_S2S_12" 0 1.614939 0 0 0 0 0 16.67278 0.6837481 0.06923775 0 0 1.572859 0.21004608 0 0 39.421627 0.1823628 0.11191854 0 0 0 0 0 0 0.08543251 0 0 0 0 0 0 0 0 0 0 0 0 0 0 0 0 0 0.5042305 0 0 0 0 0 0 0 0 0.33122116 0 0 0 0
"Bog.Unlabelled.R2.T1.F3.JGI.BFC.metaspades_bin.31_72.82_1.94" 0 11.620474 0 0 0 0 0 10.567443 2.781666 0.06512688 0 0.1970322 5.0289507 1.9612962 0.23171082 0 34.910965 0.114868365 0.12565638 1.1027402 0 0 0.42925096 0 0 1.5888112 0 0 0.6653181 0 0 0 0 0 0.83783066 0 0.09843164 0.20169275 0 0 0 0 0.8582063 8.961151 0 0 0 0 0 0 0 0 14.364405 0 0 0.09718409 0.28292972
"Bog.Unlabelled.R3.T3.F3.trimmomatic.metaspades_bin.83_91.54_6.45" 0 1.2244992 0.10140637 0 0 0 0 3.3241956 6.215644 0 0 0 1.127498 1.2287909 0 0 0.38629717 0 0 0.4541873 0 0 1.2759141 0 0 0.30374014 0 0 0 0 0 0 0 0 0.44689414 0 0 0 0 0 0 0 0.21009538 0 0 0 0 0 0 0 0 0 2.8702579 0 0 0 0.062572144
"20110800_S3S_13" 0 1.0167401 0 0 0 0 0 4.4222007 1.3396484 0 0 0 0.31001192 0.8121374 0 0 2.814365 0 0 0 0 0 2.0085132 0 0 1.4586947 0 0 0 0 0 0 0 0 0.11697328 0 0 0 0 0 0 0 0 0.1434502 0 0 0 0 0 0 0 0 1.0486693 0 0 0 0.08196433
"Bog.Unlabelled.R3.T1.F3.JGI.BFC.metaspades_bin.11_87.40_5.27" 0 0.98541045 0 0 0 0 0 1.6778953 0.11843582 0 0 0 1.9988968 0.11759307 0 0 0.08707887 0 0 0.26489463 0 0 0.06387428 0 0 0.37663868 0 0 0.9221467 0.07285959 0 0 0 0 0.11322818 0 0 0 0 0 0 0 0.33570305 2.5436146 0 0.066901006 0 0 0 0 0 0 1.292638 0 0 0 0.6450383
"20120700_S1D_35" 0 0.0702951 0.6032883 0.14419243 0.31741872 0 0 5.157283 3.020156 3.4201193 0.2335626 0.7197125 0.49165326 0.21115418 0.1298378 0 0.684264 0.46890417 0.23540038 0.1684768 0 0 0.06167454 0.16556205 1.5683019 0 0 0.27175325 0.2550155 9.235929 0.7009918 0 0 0 0.2605051 0 0 0 0 0 0 0 0 0 0.25923258 0 1.5863924 0 0 0 0 0 0.37522906 1.4996063 0.09733004 0.19989 0.2821665
"Palsa.Unlabelled.R1.T3.F3.trimmomatic.metaspades_bin.235_87.61_3.54" 0.17353463 0.5329743 0 0 0 0.079288214 0.1277851 0.05913901 0 0 0 0 0.18989709 0.32090783 0 0 0.068674885 0 0 0 0 0 0 0 0 1.4034433 0 0 0 0.12624772 0 0 0 0 0 0 0 0 0 0.48606372 0.26546326 0.10489505 0 0.094564155 0 0 0 0.12508094 0.06078486 0.2099682 0.09158782 0.084323585 0.16664809 0 0 0 0
"20110800_S3S_2" 0 0.959567 0 0 0 0 0 5.283973 0.63216877 0 0 0 1.2828699 0.276121 0 0 0.9198284 0 0 0 0 0 0 0 0 0.06909488 0 0 0.18603759 0 0 0 0 0 0 0 0 0 0 0 0 0 0 0.28724316 0 0 0 0 0 0 0 0 0.6663058 0 0 0 0
"Bog.None.R2.T0.trimmomatic.megahit_bin.319_70.21_1.04" 0 0.5882223 0 0 0 0 0 5.5704136 0.13763274 0 0 0 2.1856956 0.066958725 0 0 0.3109956 0 0 0 0 0 0.05559753 0 0 0 0 0 0 0 0 0 0 0 0 0 0.17523083 0.19807796 0 0 0 0 0 0 0 0 0 0 0 0 0 0 0 0 0 0 0
"Bog.None.R1.T0.trimmomatic.megahit_bin.390_88.96_3.68" 0 0 0 0 0 0 0 0.45081094 0.48171133 0 0 0.114901714 0.33181167 0 0 0 0.078644484 0 0 0 0 0 0.30118802 0 0 0.57792544 0 0 0 0.087773405 0 0 0 0 0.17259023 0 0 0 0 0 0 0 0 0.13494684 0 0 0 0 0 0 0 0 0 0 0 0 0
"Bog.None.R1.T0.trimmomatic.megahit_bin.192_94.47_2.50" 0 2.1914546 0 0 0 0 0 2.34973 1.743194 0 0 0.06940445 1.3755811 0.34387878 0 0 0.4101584 0 0 0.063676834 0 0 0.29178232 0 0 0.39585912 0 0 0.06379339 0 0 0 0 0 0.12526233 0 0 0 0 0 0 0 0.2018061 0 0 0 0 0 0 0 0 0 0.7211109 0 0 0 0
"20110800_S3S_28" 0 0.43016502 0 0 0 0 0 7.917375 2.2974837 0.09876301 0 0.41851217 1.0472403 1.7250141 0 0 2.2478917 0.05822405 0.10526683 0.09746261 0 0 1.0704267 0 0 0.22985072 0 0 0.39476177 0 0 0 0 0 0.587796 0 0 0 0 0 0 0 0.1201298 0.61296374 0 0 0 0 0 0 0 0 0.9545656 0 0 0 0.49288753
"Bog.Unlabelled.R3.T1.F3.trimmomatic.metaspades_bin.122_84.22_0.85" 0 6.255914 0 0 0 0 0 13.793223 0.638043 0.085040934 0 0 2.5601473 0.61691976 0.25345135 0.07184543 1.756892 0 0 0 0 0 0.07869395 0 0 0 0 0 0.6241492 0.059932634 0 0 0 0 0 0 0 0 0 0 0 0 0 0.95927787 0 0 0 0 0 0 0 0 1.6880398 0 0 0.08761249 0
"20111000_S3S_7" 0 1.2509276 0 0 0 0 0 6.0265093 0.31340066 0 0 0.13271129 1.9008085 0.08523919 0 0 0.46588472 0 0 0 0 0 0 0 0 0.066646144 0 0 0 0 0 0 0 0 0 0 0.08326138 0.106909074 0 0 0 0 0 0.17559394 0 0 0 0 0 0 0 0 0.4125244 0 0 0 0
"20120700_S1S_1" 0 3.4662905 0 0 0 0 0 24.566599 2.193662 0.0644572 0 0.11438541 5.3990726 0.30468735 0 0 3.6319115 0 0 0.11545057 0 0 0.20387451 0 0 0.7210374 0 0 1.9243706 0 0 0 0 0 0.058057558 0 0 0.07263512 0 0 0 0 0 1.8118103 0 0.10524095 0 0 0 0 0 0 1.1586245 0 0 0 0.1313264
"20110800_S3S_12" 0 2.0828006 0 0 0 0 0 8.983002 7.2333097 0.16654469 0 0.53965914 2.7121537 0.43588695 0 0 5.591523 0.06603904 0 0.44404978 0 0 1.4923959 0 0 1.008892 0 0 0.3602319 0.06725177 0 0 0 0 1.5183848 0 0.090636715 0.13181527 0 0 0 0 0 0.8181312 0 0 0 0 0 0 0 0 1.9790474 0 0 0 0.10918324
