"genome" "711_P-1-S" "711_P-1-M" "711_P-2-S" "711_P-2-M" "711_P-3-S" "711_P-3-M" "711_P-3-D" "711_S-1-S" "712_P-1-S" "712_P-1-M" "712_P-2-S" "712_P-2-M" "712_P-3-S" "712_P-3-M" "712_S-1-S" "712_S-1-M" "712_S-3-S" "713_P-3-M" "713_S-1-S" "713_S-3-S" "713_S-3-M" "714_P3_30-34" "714_S1_1-5" "714_S2_1-5" "714_S3_1-5" "714_S3_5-9" "714_S3_10-14" "715_P1_1-5" "715_P1_10-14" "715_P1_20-24" "715_P1_30-34" "715_P2_1-5" "715_P2_10-14" "715_P2_20-24" "715_P3_1-5" "715_P3_10-14" "715_P3_20-24" "715_P3_30-34" "716_P1_1-5" "716_P1_10-14" "716_P2_1-5" "716_P2_10-14" "716_P2_20-24" "716_P3_1-5" "716_P3_10-14" "716_P3_20-24" "716_P3_30-34" "716_S1_1-5" "716_S2_1-5" "716_S2_10-14" "716_S3_10-14" "717_P1_10-14" "717_P2_1-5" "717_P2_10-14" "717_P3_1-5" "717_P3_10-14" "717_P3_20-24" "717_S2_1-5" "717_S3_1-5"
"Palsa.None.R2.T0.JGI.BFC.metaspades_bin.65_88.41_5.13" 0.49772665 0 0 0 0 0 0 0 0.1878928 0 0.6663426 0 0.23153508 0 0 0 0 0 0 0 0 0 0 0 0 0 0 0.095959656 0 0 0 0.07484496 0 0 0 0 0 0 0.5725475 0 0.08917086 0 0 0 0 0 0 0 0 0 0 0 0 0 1.4619024 0.331783 0 0 0
"20120600_P3S_2" 37.4151 0 1.699994 0 0.8301408 0 0 0 5.538589 0 24.34375 1.1572542 12.560466 0.13681899 0 0 0 0.95858693 0 0 0 0 0 0 0 0 0 12.17932 13.043882 0.085877866 0 0.62329066 0.28367496 0 0.7061366 3.883711 0.2349141 0 8.703822 5.024598 0.81351185 0.18236105 0 0 0.6762369 0 0 0 0 0 0 0.26390335 2.3668766 0 5.936046 1.5688007 0 0 0
"Palsa.None.R2.T0.JGI.BFC.metaspades_bin.247_71.06_5.63" 0.50837594 0 0 0 0.84633607 0 0 0 2.6152935 0.086125255 2.0591943 0.19710065 0.42542863 0 0 0 0 0 0 0 0 0 0 0 0 0 0 2.515588 0.3008282 0.08858216 0.08277673 0.7299221 0.06981989 0 0.41319695 0.32011348 0.12969957 0 1.2441398 0.36800274 0.065474056 0 0 0 0.14695764 0 0 0 0 0 0 0 0 0 2.6028287 0.3175035 0 0 0
"Palsa.Labelled.R1.T1.F3.JGI.BFC.metaspades_bin.27_84.23_6.23" 5.8571544 0 1.3108087 0 1.6300344 0.08691951 0 0.068673395 0.9125709 0.06171053 3.468529 0.59648484 1.7978543 0 0 0 0 0.24461935 0 0 0 0 0 0 0 0 0 1.3736647 5.935632 0.26844728 0.07474469 1.0287982 0.29346567 0 1.1773466 0.33176848 0 0 2.3717334 3.787566 0.39087152 0.18484756 0 0.17934129 0.28345042 0 0 0 0 0 0 0.29680863 0.42790082 0 3.2270527 0.3682524 0.060878377 0 0
"20111000_P1S_5" 9.240039 0 2.2143965 0 1.2565781 0.46331978 0 0 8.302175 0 2.807902 1.4632174 2.7080083 0 0 0 0 0.36759636 0 0 0 0 0 0 0 0 0 4.4542446 4.9513245 0.22899348 0 1.4108001 0.7533896 0.14746511 3.0305696 0.39746398 0.3779616 0 12.557185 2.9608154 0.93829876 1.5659219 0 0 1.5106422 0 0 0.13617685 0 0.2734826 0 0.26607534 0.38916978 0 10.479557 0.9764716 0 0 0
"20110700_P1S_11" 27.911814 0 3.8804367 0.087358415 0.7749672 3.1479065 0 0 34.935287 0.5530443 41.633984 6.266656 6.3730154 0.1072093 0 0 0 0.6268102 0 0 0 0.11740138 0 0 0 0 0 23.19424 12.364413 1.1243562 2.2650704 4.139471 0.8160625 0 22.205349 8.516537 0.21514103 0.19380254 23.139795 9.907311 4.2004757 5.990545 0 0.42905152 7.7778263 0.25043377 0 0.11934082 0.36620384 0 0 0.6295445 0 0 4.6841235 3.4417255 0 0 0
"PMOU01" 1.8018465 0 0.14929165 0 0.066743635 0 0 0 3.8537326 0 0.92990726 0 0.23627667 0 0 0 0 0.08475771 0 0.07294819 0 0 0 0 0 0 0 1.0084842 1.6869161 0.12318508 0 0.06980288 0.08615711 0 0.34981534 0.7114025 0.18306996 0 6.7136774 0.2887148 0.104424484 0.14567028 0 0 0.4603476 0 0 0 0 0.3064615 0 0 0 0 0.8538454 0.066774406 0 0 0
"20110600_P3S_13" 13.822015 0 1.2124711 0 1.0537704 0 0 0 7.5207744 0 10.529483 0.19278897 3.7217202 0 0 0 0 0 0 0 0 0 0 0 0 0 0 5.6096644 1.2627752 0 0 0.59271854 0 0 1.638269 0.15365227 0 0 4.8460035 2.254153 0.53349495 0 0 0 0.49142045 0 0 0 0 0 0 0.13865434 0.24303915 0 5.0469513 1.6171404 0 0 0
"Palsa.Unlabelled.R2.T3.F3.JGI.BFC.metaspades_bin.264_97.44_0.71" 5.0464454 0 0.10294662 0 0.79252535 0 0 0 36.21754 0 3.2126625 0.1575713 17.954388 0 0 0 0 0.068325534 0 0 0 0 0 0 0 0 0 0 0 0 0 6.1367884 0 0 22.240582 0.10544762 0 0 26.777666 5.308965 2.6938808 0 0 0 2.9790525 0 0 0 0 0 0 0 0 0 6.9972615 6.602632 0 0 0
"20110600_P3S_9" 3.299319 0 0.11131401 0 0.60779905 0 0 0 6.5731144 0 14.0166 0.16145873 3.0484037 0 0 0 0 0 0 0 0 0 0 0 0 0 0 6.8403416 0 0 0 0.2266528 0 0 1.8331796 0 0 0 4.659917 0.071865015 0 0 0 0 0 0 0 0 0 0 0 0 0 0 1.4346396 0 0 0 0
"20120600_P3M_4" 27.75003 0 0.59105504 0 0.7785611 0 0 0 9.250298 0 45.963005 0.77027947 21.821434 0 0 0 0 0 0 0 0 0 0 0 0 0 0 15.942686 2.289076 0 0 1.6039838 0 0 5.158884 2.1896987 0 0 4.7586145 6.3731055 1.571134 0 0 0 0.9666725 0 0 0 0 0 0 0 1.483238 0 7.496999 13.848679 0 0 0
"Palsa.Labelled.R3.T1.F3.JGI.BFC.metaspades_bin.75_85.15_2.19" 0.5275147 0 0 0 1.71757 0.111036964 0 0 0.7834252 0 0.0868764 0.070938766 0 0 0 0 0 0 0 0 0 0 0 0 0 0 0 0 0 0 0.07489561 0.18123092 0.085637376 0 0.5732395 0 0.06560229 0 0.84348696 0.2275835 0.13750929 0.07041694 0 0.072567716 0.20108823 0 0 0 0.12676817 0 0 0 0 0 2.180524 0.3380687 0 0 0
"Palsa.Unlabelled.R2.T3.F3.JGI.BFC.metaspades_bin.15_88.82_6.04" 0.96583724 0 0.19657333 0 0.40813348 0 0 0 5.128172 0 3.407739 0 1.2168846 0 0 0 0 0 0 0 0 0 0 0 0 0 0 1.0698817 0.45916152 0 0 0.447636 0 0 1.1442342 0.13538568 0 0 4.2583375 0.29304913 0.07702013 0 0 0 0 0 0 0 0 0 0 0 0 0 1.4470459 0 0 0 0
"Palsa.Labelled.R1.T1.F3.trimmomatic.metaspades_bin.56_91.47_0.17" 0 0 0.4193112 0 0.392134 0 0 0 8.077203 0 5.0354404 0.102766685 0.33007836 0 0 0 0 0 0 0 0 0 0 0.18073528 0.608254 0.060143627 0 5.755681 0.31418082 0 0 1.6345308 0 0 17.451967 0.69390506 0 0 9.611785 0.8489514 0.2465363 0 0 0 0.843226 0 0 0.11144768 1.1675404 0 0 0 0 0 2.2623687 0 0 0 0.056501668
"Palsa.None.R2.T0.JGI.BFC.metaspades_bin.239_74.60_5.56" 2.7967231 0 0.2437018 0 1.0273902 0 0 0 0.3793192 0 0.9169183 0 0.32481515 0 0 0 0 0 0 0 0 0 0 0 0 0 0 0.503097 0.07177678 0 0 0.4182598 0 0 0.43092534 0.25475934 0 0 1.0993017 0.752072 0.1374099 0 0 0 0.076823406 0 0 0 0 0 0 0 0 0 1.0295676 0.15347677 0 0 0
"Palsa.Labelled.R3.T1.F3.trimmomatic.megahit_bin.10_90.51_2.85" 0 0 0 0 4.554163 0.35985354 0 0 0 0 0 0 0 0 0 0 0 0 0 0 0 0 0 0 0.7050446 0 0 0 0 0.4778949 0.17520618 0.07153406 0.17278431 0 0.30186716 1.7539384 0.08252594 0 0.16228482 0.4745394 0.38685963 0 0 0 0.11662614 0 0 0 0.5402132 0 0 0 0 0 0.08299523 0.18251152 0 0 0
"Palsa.Unlabelled.R2.T3.F3.JGI.BFC.metaspades_bin.84_95.68_9.76" 0.2330364 0 0 0 0.07402898 0 0 0 1.1722587 0 0.25735343 0 0.07449302 0 0 0 0 0 0 0 0 0 0 0 0 0 0 0.39252687 0.114413396 0 0 0 0 0 0.34158176 0 0 0 1.2032015 0.3054857 0 0 0 0 0.092646815 0 0 0 0.352371 0 0 0 0.0715516 0 1.1080964 0 0 0 0
"20110600_P3S_14" 0.537312 0 0 0 1.2095835 0 0 0 0.9442416 0 0.2588178 0 0.13330053 0 0 0 0 0 0 0 0 0 0 0 0 0 0 0.3020271 0 0 0 0.16492793 0 0 0.63880646 0 0 0 0.5837654 0.176561 0.37738755 0.13681823 0 0 0.0779299 0 0 0 0.91646713 0 0 0 0 0 1.2983404 0 0 0 0
"Palsa.Labelled.R3.T1.F1.trimmomatic.metaspades_bin.54_94.98_2.76" 2.7275143 0 0 0 1.6889199 0 0 0.12487607 4.3034716 0 0.7546147 0.4287461 0.11900821 0 0 0 0 0 0 0 0 0 0 0 0 0 0 0.13282949 0 0 0.21925656 0.20094761 0.19228859 0 0.8963022 0 0 0 2.2130215 0.11788705 1.9650427 0.14344233 0 0.056046344 1.490133 0 0 0.8811273 0.6316306 0 0 0 0 0 2.4098175 0.16815576 0 0 0
"Palsa.Labelled.R2.T3.F1.trimmomatic.metaspades_bin.31_87.45_2.00" 2.2845728 0 0.2083565 0 0.5203032 0 0 0 0.8182086 0.11299873 1.9769884 0 0.8187385 0.12793764 0 0 0 0 0 0 0 0 0 0 0 0 0 1.0854545 0.058765896 0 0 0.15290317 0 0 1.0888377 0.86976546 0 0 0.84229267 0.46789175 0.3893515 0.21120948 0 0 0.15803638 0 0 0 0.4927597 0 0 0 0 0 0.4995278 0 0 0 0
"Palsa.Unlabelled.R3.T3.F1.trimmomatic.metaspades_bin.230_94.04_2.71" 0.54946125 0 0.10852978 0 0.5833499 0 0 0 0 0 0.068427056 0 0.5307171 0 0 0 0 0 0 0 0 0 0 0 0 0 0 0 0 0 0 0.20417225 0 0 0.1973666 0 0 0 0.8508722 0.66046405 0.31061548 0 0 0 0.066615425 0 0 0 0 0 0 0 0 0 2.5916476 0 0 0 0
"20110700_P1S_12" 19.602362 0 0 0 2.3368132 0 0 0 1.2458781 0 0.59224236 0 1.2465202 0 0 0 0 0.060352605 0 0 0 0 0 0 0 0 0 0 0 0 0 0.13116515 0 0 2.456991 0 0 0 1.8586951 0.09101143 0.31632453 0 0 0 0.2528893 0 0 0 0 0 0 0 0 0 1.2222064 0 0 0 0
"Palsa.Labelled.R1.T1.F2.trimmomatic.metaspades_bin.50_88.06_3.48" 0 0 0 0 1.3993787 0 0 0 0.52799237 0 0.068274505 0 0 0 0 0 0 0.4002213 0 0 0 0 0 0.09359549 0.30454144 0.2487935 0 0 0 0 0 1.5184468 0.095303714 0 7.75359 0.15652604 0 0 0.22076905 0.13781038 2.3217611 0.18369688 0 0 1.6498846 0 0 0.20044343 0.33744526 0 0 0 0 0 5.4742045 0.48318285 0 0 0.100230284
"Palsa.None.R2.T0.JGI.BFC.metaspades_bin.210_73.18_6.21" 0.23376015 0 0.071043886 0 0.9782682 0 0 0 1.265612 0 1.6594558 0 0.34000915 0 0 0 0.09174082 0 0 0.061804324 0 0 0 0 1.5242529 0.06900976 0 0.45204544 0 0.188528 0 0.42544672 0 0 0.8558485 0.25843024 0 0 0.7193275 0.09802687 0.09069177 0 0 0 0 0 0 0 0.10700909 0 0 0 0.058927476 0 1.1432127 0 0 0 0.20947257
"Palsa.Labelled.R3.T3.F3.trimmomatic.megahit_bin.132_78.35_6.03" 1.2719315 0 1.9275475 0 0.48562807 0 0 0 1.4958892 0 0.57847315 0 0.09577016 0 0 0 0 0 0 0 0 0 0 0 0 0 0 0.8817145 0 0 0 0.2804871 0 0 0.41758353 0 0 0 0.35244375 0.6753193 0 0 0 0 0.115293674 0 0 0 0 0 0 0 0 0 0.2018546 0 0 0 0
"20111000_P1S_6" 1.7436259 0 0.092326395 0 0.5000578 0 0 0 1.9030905 0 0.80765814 0 0.057826214 0 0 0 0 0 0 0 0 0 0 0 0.08674523 0 0 0.3335132 0 0 0 0.118230544 0 0 0.3237841 0 0 0 2.1662483 0.47790456 0 0 0 0 0.101509154 0 0 0 0 0 0 0 0 0 1.7591299 0 0 0 0
"Palsa.Unlabelled.R1.T3.F2.trimmomatic.metaspades_bin.96_80.51_1.15" 3.824793 0.07431796 3.9258318 0 3.8180237 0.06596504 0 0.4612823 5.082888 0 1.9250065 0 0.9083349 0 0 0 0.5169205 0 0 0.61276037 0 0 0.25184983 0.09434322 0.8733276 0.30144295 0 1.8810847 0.116018064 0.06016111 0 1.3413792 0.4261112 0 6.4256306 0 0 0 2.8250058 0.09174436 2.4924164 0.29847962 0 0 1.1252755 0 0 2.6054847 3.760003 0 0 0.48221672 0.6922063 0 2.852456 0.16804112 0 0.14544408 2.1226625
"20111000_P1S_2" 1.2654848 0 0.16758685 0 2.0786247 0 0 0.0907448 2.601016 0 0.22655366 0 0.1895125 0 0 0 0 0 0 0 0 0 0 0 0 0 0 0.46157134 0 0 0 0.77473986 0 0 1.1534482 0 0 0 2.4826283 0.21428764 2.2237887 0 0 0 0.40167114 0 0 0 0.3654559 0 0 0 0 0 10.100684 0.20804012 0 0 0
"20111000_P1S_1" 0 0 0.1148934 0 2.501988 0.3098718 0 0 3.639903 0.07272181 0 0.20079704 0.39882323 0 0 0 0 0.18916075 0 0 0 0 0 0 0 0 0 0 0 0 0.2750425 1.5107877 1.2584451 0 0.17907323 0 0 0 0.5897804 1.1071866 2.90586 0.58993334 0 0.057864662 2.5641944 0.08544614 0 0 0 0 0 0 0.20580313 0 9.800643 3.4802575 0 0 0
"Palsa.None.R2.T0.JGI.BFC.metaspades_bin.238_96.77_6.03" 3.8111162 0 0.7877031 0 0.064824454 0 0 0 4.2965865 0 2.5661802 0 0.700539 0 0 0 0 0 0 0 0 0 0 0 0 0 0 4.734789 1.8670518 0.6388981 0 0.38531494 0.06372177 0 5.427412 2.7143846 0.1206966 0 1.6135826 2.1512477 0.0635852 0.29111528 0 0 0.6989037 0 0 0 0 0 0 0.09050916 0.5698001 0 1.5613213 0.38423398 0 0 0
"Palsa.Labelled.R2.T3.F2.trimmomatic.megahit_bin.45_76.68_4.31" 0.5780207 0 0.13685343 0 0.09341108 0 0 0 0.07079879 0 0.35302886 0 0.06345918 0 0 0 0 0 0 0 0 0 0 0 0 0 0 0.24464728 0.061348226 0 0 0 0 0 0.07090746 0 0 0 0.23383197 0.15197337 0 0 0 0 0 0 0 0 0 0 0 0 0 0 0 0 0 0 0
"Palsa.None.R2.T0.JGI.BFC.metaspades_bin.267_77.18_5.22" 0 0 0.5996456 0 0.48552525 0 0 0 2.3124065 0 0.625714 0 0.10278997 0 0 0 0 0 0 0 0 0 0 0 0 0 0 0 0 0 0 0.56156456 0 0 2.575807 0.10668872 0 0 1.9556487 0.07390133 0.48114637 0.11557198 0 0 0.08468011 0 0 0 0 0 0 0 0.22136886 0 2.6919248 0.076481126 0 0 0
"Palsa.None.R2.T0.JGI.BFC.metaspades_bin.14_80.71_5.34" 3.2953825 0 0.4956366 0 5.6403728 0 0 0 4.8016295 0 1.4227774 0.0659551 2.4100277 0 0 0 0 0 0 0 0 0 0 0 0.18264182 0.05917921 0 0.22400631 0 0 0 0.578522 0 0 0.18827526 0 0 0 3.984468 0 0.16715482 0 0 0 0 0 0 0.1987951 0.8366199 0 0 0 0 0 0.47145507 0 0 0 0
"Palsa.Labelled.R3.T1.F2.trimmomatic.megahit_bin.31_72.28_6.84" 0 0 0.6626586 0 1.2687899 0 0 0 2.0241613 0 0 0 0.15452674 0 0 0 0 0 0 0 0 0 0 0.10562019 0 0 0 0 0 0 0 0.6299207 0 0 2.5520735 0 0 0 0 0 10.627485 0 0 0 3.5845792 0 0 0.66048014 1.2527255 0 0 0 0 0 0.81077135 0.46461985 0 0.060986478 0
"20111000_P2S_1" 2.5657556 0.5951866 1.1960272 0 18.039864 0 0 0.79980403 23.152561 0 8.3315735 0.6246156 0.60734206 0.27016225 0 0 1.8744522 0 0 3.8047295 0 0 0 0.21809202 2.3177629 0.31209207 0 0.9515581 0 0 0 6.5777297 0.13278711 0 0.65152925 0.20054226 0.17575859 0 15.366958 6.6866837 3.9594207 0.19232263 0 0 2.9848952 0 0 1.0647684 3.5665534 0 0 0.16165827 0.12039638 0 24.829329 3.22507 0 0.18345143 0.4170941
"Palsa.Labelled.R1.T1.F2.trimmomatic.metaspades_bin.100_93.16_1.99" 0 0 0 0 4.010704 0 0 0 13.1636505 0 0.2886581 0 0 0 0 0 0 0 0 0 0 0 0 0 0 0 0 0 0 0 0 0.5712872 0 0 3.076826 0 0 0 1.759847 0.16981266 0.26369345 0 0 0 1.5604937 0 0 0 0.16391395 0 0 0 0 0 19.960117 0.62518096 0 0 0
"Palsa.None.R2.T0.JGI.BFC.metaspades_bin.146_89.53_8.55" 0.61629504 0 0 0 0.87167823 0 0 0 2.4379845 0 1.5878499 0.09246306 0 0 0 0 0 0 0 0 0 0 0 0 0.30036238 0 0 0.7130854 0 0 0 0.109409444 0 0 0.42871577 0 0 0 0.8508418 0.06366696 0 0 0 0 0 0 0 0 0 0 0 0 0 0 0.6592744 0.17548747 0 0 0
"Palsa.None.R2.T0.JGI.BFC.metaspades_bin.96_88.84_2.56" 4.44859 0 0 0 5.8629837 0 0 0 4.4762216 0 18.136623 0.50113904 0 0.11021418 0 0 0 0 0 0.07601528 0 0 0 0 0.115214996 0.5476896 0 17.284481 10.6863365 0.3114027 0.45969656 1.2885901 1.123117 0 0.79899764 1.691317 0.31889132 0 6.688267 3.675716 0 0 0 0.101054385 0.587493 4.708035 0 0.1512986 0.76055187 0 0 0 0 0 4.0196886 0.32848078 1.053836 0 0.42685825
"20120600_P3M_6" 28.48796 0.1063768 2.404025 0 40.24438 1.3047365 0 0 15.977373 0.50418377 2.140623 0.5839993 10.243737 0.8478507 0 0 0 0.23049776 0 0 0 0 0 0 0 0 0 0 0 0 0.27863458 1.9908202 5.3522677 0 3.579027 0 0.67802095 0 19.24639 10.583661 11.704544 1.5468228 0 1.7555324 5.030668 11.439151 0 0.10705046 0.12897965 0 0 0.14541622 0.4218709 0 27.141958 9.591519 3.6195362 0 0.15717953
"Palsa.None.R2.T0.JGI.BFC.metaspades_bin.148_86.97_6.42" 0.5633412 0 0.09326976 0 1.2001265 0 0 0 0.908929 0 0.645119 0 0.44359905 0 0 0 0 0 0 0 0 0 0 0 0 0 0 0.27148098 0.44085354 0 0 0.2829009 0.11073735 0 0.7609596 0.58551043 0 0 1.0358589 0.40021515 0.14091457 0.057268675 0 0 0.14439774 0 0 0 0 0 0 0 0.080715366 0 1.6421741 0.30311722 0 0 0
"20110800_P3S_9" 0.3936721 0 0.41806442 0 3.2196817 0 0 0 0.34390166 0 0.48027858 0 1.2482425 0 0 0 0 0 0 0 0 0 0 0 0 0 0 0.7565445 0 0 0 1.4785079 0 0 0.7729122 0 0 0 0.85965157 0 0.19878817 0 0 0 0 0 0 0 0 0 0 0 0.12319176 0 0.08729389 0.286793 0 0 0
"Palsa.None.R2.T0.JGI.BFC.metaspades_bin.319_82.00_3.81" 0 0.20276408 0 0 0.5363546 0.41337007 0 0 0.64209867 0.16983253 0 0 0 0.25908843 0 0 0 0.12458813 0 0 0 0 0 0 3.0357945 0.08317004 0 0 0 0 0 0.17502344 0.08009805 0 0 0 0 0 3.7774909 0.2637764 0 0 0.25598976 0.31004456 0.2725814 0.23049542 0 0.29026872 0.48837525 0 0 0 0 0 4.484262 0.34816718 0.19278912 0 0.45358637
"20110700_P3S_8" 1.1894954 0.35288644 0.4419373 2.0773466 8.723748 0.33892184 0.13932855 0 4.103775 0.14728387 0.26820487 0 1.6622009 0 0 0 0 0.3256563 0 0 0 0 0 0 0 0 0 0 0 0 0 1.0305886 0 0 0.6410735 0 0 0 2.1471095 0.81557286 2.9641273 0.33691484 0.08858371 0.43255863 1.0693474 0.589283 0.13014579 0 0 0 0 0 0.06887536 0.13459736 6.537987 2.6335561 0.36540177 0 0
"Palsa.Unlabelled.R1.T3.F3.trimmomatic.metaspades_bin.82_91.99_3.21" 0.25795785 0 1.0131298 0.057853222 2.6380067 0.064332105 0 0.7050952 2.0137672 0 0.6942196 0 0.2667046 0 0 0 0.2238818 0 0 0.5420702 0 0 0 0.1093323 1.5410082 0.36414942 0 0.074846804 0 0 0 0.35007563 0 0 0.19361494 0 0 0 2.8626478 0 0.6911176 0.89375734 0 0 1.394182 0 0 3.7293053 2.2614388 0 0 0 0.45161754 0 1.0109997 0.1426837 0 0.8917783 0.41136572
"Palsa.Unlabelled.R1.T3.F2.trimmomatic.megahit_bin.36_77.59_1.72" 0.4401582 0 0 0 1.2613541 0 0 0.11455649 0.38978568 0.11198945 0 0 0 0 0 0 0 0 0 0 0 0 0 0.08019937 0 0.06387915 0 0 0 0 0 0.15616506 0 0 0 0 0 0 0.83794206 0.54073334 0.29955697 0.09398902 0 0 0.15799384 0 0 0.12260292 0.31410697 0 0 0 0 0 1.2737644 0.2195011 0 0 0.0849908
"Palsa.Unlabelled.R2.T3.F3.trimmomatic.megahit_bin.177_70.33_7.55" 0.49910253 0 0.430436 0.31857434 0.44674376 0 0 0 0.28128994 0 0.21964127 0 0 0 0 0 0 0 0 0 0 0 0 0 0 0 0 0.08836389 0 0 0.06767026 0 0 0 0.064113915 0.080406256 0 0 1.6731411 0.84552485 0.29057178 0.14984813 0 0 0 0 0 0 0 0 0 0.066332586 0.057882212 0 0.29313493 0 0 0 0
"Palsa.Unlabelled.R2.T3.F3.JGI.BFC.metaspades_bin.5_87.01_6.92" 1.0336605 0.40224034 0.8088546 0.1129461 3.9069555 0.9886569 0 0 8.750469 0.29308107 0.9189735 0.13736849 1.1021683 0.19303402 0 0 0 0.3641882 0 0 0 0 0 0 0 0 0 0.27600047 0.121511884 0.09474378 0.21030958 2.9966056 0.44614074 0 0.5497859 0.29211664 0.21508741 0 3.3110728 0.50977945 2.745703 2.5934322 0 0.3898955 3.2788904 0.05581693 0 0.29068217 0.99220294 0 0 0.3900646 0.78876513 0 5.77857 4.0723996 0.12406326 0 0.1425739
"Palsa.Unlabelled.R1.T3.F3.trimmomatic.metaspades_bin.94_89.19_4.42" 2.433009 0 1.0772878 0 4.277297 0 0 0.75202775 4.919048 0 2.7348588 0.05804239 1.3984363 0 0.0683613 0 0.4760347 0 0.52902323 1.0213511 0 0 0.102009445 0.77500474 1.4125689 0.7457289 0 0.98612404 0.31781745 0.17548862 0 0.8946527 0.07138378 0 0.81438744 0.39971176 0.0859224 0 5.030422 1.8843786 1.1848588 0.39576682 0 0 1.6772767 0 0 13.544704 9.554481 0 0 0.32448608 0 0 2.1150575 0.24912688 0 1.3560709 3.8989432
"Palsa.Unlabelled.R2.T3.F3.trimmomatic.megahit_bin.241_91.03_4.38" 3.5491822 0 6.19546 0 0.9685571 0 0 0 5.393059 0 3.9366968 0.083574325 3.2732353 0 0 0 0 0 0 0 0 0 0 0 0 0 0 1.497879 0.14487967 0 0 0.8642315 0 0 0.7503153 0.38193995 0 0 3.634673 0.96960413 1.8168422 0 0 0 0.35197422 0 0 0.3595932 1.379806 0 0 0 0.644566 0 3.3937845 0 0 0 0
"Palsa.None.R2.T0.JGI.BFC.metaspades_bin.307_94.82_5.10" 0.38657546 0 0.2922583 0 1.2899439 0 0 0.09767602 0.6989618 0 0.63916665 0 0.16061744 0 0 0.12917612 0.540522 0 0.1487838 1.3684999 0.1284981 0 0.50373715 0.09354606 0.75267005 0.9747235 0.09352228 0.22051603 1.0135325 0.21860327 0.18796875 0.40456617 0 0 0.6596987 0.15524392 0 0 0.94588983 0.36413577 0.26610792 0 0 0 0.3493933 0 0 1.1549056 0.7527077 0 0.12249684 0.40567398 0.26009223 0.18144558 0.9296802 0.23678356 0 0.62580097 3.1421444
"Palsa.None.R2.T0.JGI.BFC.metaspades_bin.300_98.33_0.91" 0.08539415 0 0 0 1.5616239 0 0 0 2.1568642 0 2.2468681 0 0.74629456 0 0 0 0 0.13795215 0 0 0 0 0 0 0 0 0 3.213835 0.06892303 0 0 2.493909 0 0 1.9161465 1.8056883 0 0 0.52271914 0.115372226 0.18599838 0 0 0 0.14119078 0 0 0 0 0 0 0 0 0 0.6395567 0.71362555 0 0 0
"Palsa.None.R2.T0.JGI.BFC.metaspades_bin.140_93.10_9.25" 1.9864092 0.23656298 0.37480167 0.13576382 4.162098 0.69767857 0 0 0.7039544 0.35971564 1.0974764 0.0866143 0.6662852 0.42765307 0 0 0 0.5048064 0 0 0 0 0 0 0 0 0 0.20930752 0.06162861 0.0721018 0 0.5904698 0.25933594 0 0.2785383 0.698161 0.1114942 0 1.4059371 0.77233875 1.3674744 0.67133224 0 0.19892587 0.74455553 0 0 0 0 0 0 0.1170667 0.15381916 0 1.5913404 1.1699734 0 0 0
"20110700_P3S_3" 3.2652385 0 2.137325 0 8.660705 0.2609161 0 0 11.305575 0 4.2758045 0.14859208 7.0246134 0 0 0 0 1.2884613 0 0 0 0 0 0 0 0 0 0.43331712 0 0 0 2.5837522 1.0254422 0 3.3739138 1.7721877 0 0 5.7795286 4.128773 7.751239 3.1679032 0 0 4.7584724 0 0 0 0.23209824 0 0 0.17371193 2.1629534 0 17.215296 3.0092394 0 0 0
"Palsa.Unlabelled.R1.T2.F3.trimmomatic.metaspades_bin.27_81.74_0.87" 4.838909 0 0.8198968 0 2.0176108 0.65555483 0 0 4.0529256 0.59097624 4.9617214 0.45465407 2.9044333 0.6819527 0 0 0 0 0 0 0 0 0 0 0 0 0 1.3508989 0.7575479 0.17275612 0.13669555 0.743829 0.37356332 0 2.1947577 1.1984476 0.07451735 0 3.5046358 3.2406962 1.01038 0.45693922 0 0.5476271 2.245967 0.3670708 0 0 0 0 0 0.31205648 0.5897742 0 1.344762 1.5567361 0.38045138 0 0
"Palsa.Unlabelled.R2.T3.F3.JGI.BFC.metaspades_bin.189_99.25_4.26" 0.4453724 0 0.20345117 0 0.36961618 0 0 0 0.9763906 0 0.057144996 0 0 0 0 0 0 0 0 0 0 0 0 0 0 0 0 0 0 0 0 0.12630618 0 0 0 0 0 0 0.35414442 0.2771983 0.2114151 0.07505144 0 0 0.20113127 0 0 0 0 0 0 0 0 0 0.56402624 0.12627046 0 0 0
"Palsa.None.R2.T0.JGI.BFC.metaspades_bin.128_97.22_0.00" 0 0 0 0 0.43524346 0 0 0 4.749683 0 0 0.08504764 0 0 0 0 0 0.07964498 0 0 0 0 0 0 0.38223615 0 0 0.16768982 0 0 0 2.4867437 0.3764894 0 3.7502117 0.3405764 0 0 8.0484915 0.19963647 0.6513692 0.2805866 0 0 1.591747 0 0 0.122302964 0.29980618 0 0 0 0 0.15510547 1.154519 0 0 0 0
"20120600_P2S_3" 2.797446 0 2.216047 0 4.985794 0 0 0 22.36441 0 18.769817 0.2569417 5.692016 0 0 0 0 0.5307663 0 0 0 0 0 0 0 0 0 1.3616992 0 0 0 1.2294953 0 0 6.7592883 2.2454035 0 0 6.463356 0.36603123 1.005415 0.3744842 0 0 0 0 0 0 0 0 0 0 1.6356428 0 10.236906 0 0 0 0
"20120600_P1M_1" 1.6213037 0 0.4344473 0 6.8626266 0 0 0 6.794358 0 1.356856 0.06749447 5.4536624 0 0 0 0 0 0 0 0 0 0 0 0 0 0 0.89753115 0 0 0 0.38692006 0 0 0.83223015 0.064775735 0 0 2.4501615 2.0774288 0.8425096 0 0 0 0 0 0 0 0 0 0 0 0 0 4.018297 1.010793 0 0 0
"20120600_P2S_4" 1.0885048 0 0.28944474 0 10.345109 0 0 0 39.039715 0 10.207237 0.2814433 6.3261194 0 0 0 0 0 0 0 0 0 0 0 0 0 0 0.34933054 0 0 0 1.3332384 0 0 7.5702367 0.24972273 0 0 23.093933 0.91155726 0.5617852 0 0 0 0 0 0 0 0 0 0 0 0 0 34.105392 0.16131343 0 0 0
"20150700_P11_6" 2.0958228 0 3.0430958 0 0 0 0 0 0 0 1.1171994 0 0.106179625 0 0 0 0 0 0 0 0 0 0 0.12631428 0 0 0 39.847412 18.874056 0.6298694 0.18853898 1.7197677 0.13702056 0 0 0 0 0 0.5255484 0.9661449 0 0 0 0 0 0 0 0.08355395 0 0.17673624 0 0 0.31166026 0 0 0 0 0 0
"Palsa.Unlabelled.R1.T3.F3.trimmomatic.metaspades_bin.126_94.83_0.00" 3.1786368 0 0.5215813 0 5.8975506 0 0 0 11.406187 0 10.2715025 0.49820933 1.0047017 0 0 0 0 0.1959777 0 0 0 0 0 0 0 0 0 7.321251 0.91815186 0 0 1.4530485 0.23747891 0 4.823946 3.7961547 0.09968615 0 8.757992 1.4464389 0.35405192 0.14846617 0 0 0.68856496 0 0 0 0.11607987 0 0 0 0.34632245 0 11.800233 0.89719796 0 0 0
