"genome" "711_S-1-S" "711_S-1-M" "711_S-1-D" "711_S-2-M" "711_S-2-D" "711_S-3-M" "712_S-1-S" "712_S-1-M" "712_S-1-D" "712_S-1-X" "712_S-2-D" "712_S-2-X" "712_S-3-S" "712_S-3-D" "712_S-3-X" "713_S-1-S" "713_S-1-M" "713_S-1-D" "713_S-1-X0" "713_S-1-X1" "713_S-2-S" "713_S-2-M" "713_S-2-D" "713_S-2-X0" "713_S-3-S" "713_S-3-M" "713_S-3-D" "713_S-3-X0" "713_S-3-X1" "714_S1_1-5" "714_S1_5-9" "714_S1_10-14" "714_S1_20-24" "714_S1_30-34" "714_S2_1-5" "714_S2_5-9" "714_S2_20-24" "714_S3_1-5" "714_S3_5-9" "714_S3_10-14" "714_S3_20-24" "714_S3_30-34" "715_S1_1-5" "715_S1_10-14" "715_S1_20-24" "715_S1_30-34" "715_S2_10-14" "715_S2_20-24" "715_S2_30-34" "715_S3_20-24" "715_S3_30-34" "716_S1_1-5" "716_S1_10-14" "716_S1_20-24" "716_S1_30-34" "716_S2_1-5" "716_S2_10-14" "716_S2_20-24" "716_S2_30-34" "716_S3_10-14" "716_S3_20-24" "716_S3_30-34" "717_S2_1-5" "717_S2_10-14" "717_S2_20-24" "717_S2_30-34" "717_S3_1-5" "717_S3_10-14" "717_S3_20-24"
"Palsa.None.R2.T0.JGI.BFC.metaspades_bin.147_84.14_8.29" 0 0 0 0 0 0 0 0 0 0 0 0 0 0 0 0 0 0 0 0 0 0 0 0 0 0 0 0 0 0 0 0 0 0 0 0 0 0.23838438 0 0 0 0 0 0 0 0 0 0 0 0 0 0 0 0 0 0.1153706 0 0 0 0 0 0 0 0 0 0 0 0 0
"20160700_P15_13" 0 0 0 0 0 0 0 0 0 0 0 0 0.06306148 0 0 0 0 0 0 0 0 0 0 0 0.14702627 0 0 0 0.46657676 0 0 0 0 0 0 0 0 1.1202211 0.10141598 0 0 0 0 0 0 0 0 0 0 0 0 0.4418475 0 0 0 0.30764624 0 0 0 0 0 0 0 0 0 0 0.07840156 0 0
"Palsa.Labelled.R3.T1.F2.trimmomatic.metaspades_bin.5_93.42_1.45" 0 0 0 0 0 0 0 0 0 0 0 0 0 0 0 0 0 0 0 0 0 0 0 0 0 0 0 0 0 0 0 0 0 0 0 0 0 0.31602794 0 0 0 0 0 0 0 0 0 0 0 0 0 0.10565703 0 0 0 0.7055218 0 0 0 0 0 0 0 0 0 0 0 0 0
"PMLV01" 0.24395919 0.26313815 0 0 0 0 0 0 0 0 0.20792946 0 0.16781034 0 0 0 0 0 0.28513464 0 0 0 0 0 0.53604853 0.15705933 0.08413115 0.3577451 1.083868 0 0 0.3111331 0 0 0 0.1969115 0.17670497 0.4067211 0.387848 2.187323 0 0 0 0 0 0 0 0 0 0 0 0.4919895 0 0.7714305 0.28777456 0.06309953 0.36691868 0.1594853 0 0.2945622 0.54809535 0 0.11383813 0 0.10135487 0 0.19446582 0.7391411 0
"20120500_P17_2" 0.25589317 0.34319827 0.13903141 0 0 0 0 0 0 0 0.22307593 0 0.12819235 0.14922747 0.1265442 0 0.3584051 0 0 0 0 0 0 0 0.5159025 0.15291512 0.088719934 0.28664413 0.7208445 0 0 0 0 0.15070629 0.06178834 0.09655948 0 0.06654042 1.1924345 3.579251 0 0 0 0 0 0 0 0 0 0 0 1.1807371 0.14841469 0 0 0.56888753 0.72660744 0 0 0.17502691 0.2225035 0 0.2469511 0 0 0 1.0941612 0.10142774 0
"Palsa.None.R2.T0.JGI.BFC.metaspades_bin.15_76.90_1.72" 0 0 0 0 0 0 0 0 0 0 0 0 0.07659635 0 0 0.06060736 0 0 0 0 0 0 0 0 0.20973776 0 0 0 0 0 0 0 0 0 0.9300298 0 0 1.9138165 1.5754336 0 0 0 0 0 0 0 0 0 0 0 0 0.4167964 0 0 0 0.55314994 0 0 0 0 0 0 0.16030733 0 0 0 0.55159825 0 0
"20110700_P1S_11" 0 0 0 0 0 0 0 0 0 0 0 0 0 0 0 0 0 0 0 0 0 0 0 0 0 0 0 0 0 0 0 0 0 0 0 0 0 0 0 0 0 0 0 0 0 0 0 0 0 0 0 0.11934082 0 0 0 0.36620384 0 0 0 0 0 0 0 0 0 0 0 0 0
"20130700_C2M_2" 0.41009834 1.0775228 5.3768077 1.6402388 0 2.4741504 0 0.12941845 0.19078796 0 3.486618 0 0.5033805 0 0 1.1067948 1.953408 0.36207616 0.3309634 0 0.10107544 0.092129506 0 0 9.230351 3.1467185 0.957667 0.69542307 1.9419435 1.3843502 1.0090982 1.4073547 0 0 2.2338786 1.9852289 1.3433516 2.063838 28.904749 19.38676 0.07856619 0 1.2173251 0.48861697 0.32437825 0 1.5554119 0.05886693 0 0.05960536 0 5.6714315 2.7356439 0.2905022 0 1.8601477 49.427696 2.9584591 0 8.417787 1.6059619 0 2.1925724 0.38534763 0.056450807 0 10.125406 1.0115082 0
"20110800_P3S_8" 0 0 0 0 0 0 0 0 0 0 0 0 0 0 0 0 0 0 0 0 0 0 0 0 0.07621616 0 0 0 0 0 0 0 0 0 0.5735492 0 0 0.6306296 0.14834498 0 0 0 0 0 0 0 0 0 0 0 0 0.427331 0 0 0 0.57019156 0 0 0 0 0 0 0.07546663 0 0 0 0.48764366 0 0
"Palsa.Labelled.R3.T1.F3.JGI.BFC.metaspades_bin.68_75.40_6.88" 0 0 0 0 0 0 0 0 0 0 0 0 0.104215465 0 0 0.13778865 0 0 0 0 0 0 0 0 0.8720571 0.08212936 0 0 0 0.10046792 0 0 0 0 0.593662 0 0 0.3683855 0.5176872 0.19538921 0 0 0.0676604 0 0 0 0.06641591 0 0 0 0 0.7440349 0 0 0 0.92339444 3.7006238 0.15310225 0 0.13261488 0 0 0.45428672 0 0 0 0.48351836 0 0
"PMST01" 0 0 0 0 0 0 0 0 0 0 0 0 0 0 0 0.06899144 0 0 0 0 0 0 0 0 0.54954207 0 0 0 0 0 0 0 0 0 0.3951942 0 0 0.21385482 0.1558531 0 0 0 0 0 0 0 0 0 0 0 0 0.46155798 0 0 0 0.49320462 2.5373783 0.076797016 0 0 0 0 0.2501261 0 0 0 0.17510329 0 0
"20120600_P2M_9" 0 0 0 0 0 0 0 0 0 0 0 0 0.10618429 0 0 0.11861193 0 0 0 0 0 0 0 0 0.76849794 0 0 0 0 0.08307227 0 0 0 0 0.6549621 0 0 0.46654066 0.27962634 0 0 0 0 0 0 0 0 0 0 0 0 0.64613813 0 0 0 1.0592872 2.3700998 0.07229407 0 0 0 0 0.47029582 0 0 0 0.4379795 0 0
"20130700_S3M_11" 0 0.43952256 0 0 0 0 0 0.42137808 0 0 1.3964431 0 0 0 0 0.20624705 0.13367096 0 0 0 0.3654742 0 0 0 4.5146775 7.643964 0.4161113 0.07909004 0 2.8584762 0 0 0 0 1.9049633 0.21972543 0 0.117601745 5.711125 8.115759 0 0 0.31896806 0 0 0 4.229077 0 0 0 0.06839187 1.9977231 0 0 0 0.7697214 39.350536 2.9919746 0 4.646508 0 0 0.3919384 0 0 0 3.3822167 0.5139597 0
"20110800_S3S_35" 0.52937806 0 0 0 0 0 0.27384567 0 0 0 0 0 0 0 0 0 0 0 0 0 0 0 0 0 0 0 0 0 0 0 0 0 0 0 0.070171446 0 0 0.21572222 0.253522 0 0 0 0 0 0 0 0 0 0 0 0 0.12670541 0 0 0 1.2473203 0 0 0 0 0 0 0.35970345 0 0 0 0 0 0
"Palsa.Labelled.R1.T1.F3.trimmomatic.metaspades_bin.56_91.47_0.17" 0 0 0 0 0 0 0 0 0 0 0 0 0 0 0 0 0 0 0 0 0 0 0 0 0 0 0 0 0 0 0 0 0 0 0.18073528 0 0 0.608254 0.060143627 0 0 0 0 0 0 0 0 0 0 0 0 0.11144768 0 0 0 1.1675404 0 0 0 0 0 0 0 0 0 0 0.056501668 0 0
"20150700_P14_7" 0.27731478 0 0 0 0 0 0 0 0 0 0 0 0.31792977 0 0 0.36824867 0 0 0 0 0 0 0 0 1.9480672 0.05659559 0 0 0 0.16711059 0 0 0 0 1.0989604 0 0 4.987751 0.79554373 0.15848726 0 0 0.16371757 0 0 0 0 0 0 0 0 12.401368 0 0 0 12.937034 0.3297716 0.14916457 0 0.09153033 0 0 2.562844 0 0 0 2.2447486 0 0
"20120600_E2D_21" 0.12664104 0 0 0 0 0 0 0 0 0 0 0 0 2.3071585 2.484186 0 0 0 0 0 0 0 0 0 0.24535449 0 0 0 0 0 0 0 0 0 0.09257391 0 0 0.14250967 0.124906056 0.074821755 0 0 0 0 0 0 0 0 0 0 0 0.36058593 0 0 0 0.11339826 0 0 0 0 0 0 0 0 0 0 0.09131575 0 0
"20150700_P15_3" 0 0 0 0 0 0 0 0 0 0 0 0 0 0 0 0 0 0 0 0 0 0 0 0 0 0 0 0 0 0 0 0 0 0 0 0 0 0 0 0 0 0 0 0 0 0 0 0 0 0 0 0.05609232 0 0 0 1.8986093 0 0 0 0 0 0 0 0 0 0 0 0 0
"Palsa.Unlabelled.R3.T2.F3.JGI.BFC.metaspades_bin.23_95.38_0.50" 0 0 0 0 0 0 0 0 0 0 0 0 0 0 0 0 0 0 0 0 0 0 0 0 0 0 0 0 0 0 0 0 0 0 0 0 0 0.31992337 0 0 0 0 0 0 0 0 0 0 0 0 0 0 0 0 0 3.3943121 0 0 0 0 0 0 0 0 0 0 0 0 0
"20140700_S31_9" 0.3073499 0 0 0 0 0 0 0 0 0 0 0 0.49354786 0 0 0 0 0 0 0 0 0 0 0 1.4739091 0 0 0 0 0 0 0 0 0 0 0 0 14.951449 1.1410158 0.24309011 0 0 0 0 0 0 0 0 0 0 0 2.0221972 0 0 0 4.2164574 0 0 0 0 0 0 0 0 0 0 6.387197 0 0
"20110600_P3S_5" 0.13600962 0 0 0 0 0 0.31358284 0 0 0 0 0 0.30099696 0 0 0 0 0 0 0 0 0 0 0 0.17526251 0 0 0 0 0 0 0 0 0 0.63557214 0 0 4.583351 0.59547716 0 0 0 0 0 0 0 0 0 0 0 0 1.3474599 0 0 0 24.690811 0 0.13358344 0 0 0 0 0 0 0 0 1.8944865 0 0
"20120500_P23_6" 0 0 0 0 0 0 0 0 0 0 0 0 0 0 0 0 0 0 0 0 0 0 0 0 0 0 0 0 0 0 0 0 0 0 0 0 0 0.3943717 0.078637764 0 0 0 0 0 0 0 0 0 0 0 0 0.35704437 0 0 0 1.0872391 0 0 0 0 0 0 0 0 0 0 0.35759726 0 0
"Palsa.Labelled.R3.T1.F3.JGI.BFC.metaspades_bin.45_83.28_6.50" 0 0 0 0 0 0 0 0 0 0 0 0 0 0 0 0 0 0 0 0 0 0 0 0 0.19503038 0 0 0 0 0 0 0 0 0 0 0 0 0.08739662 0.056245156 0 0 0 0 0 0 0 0 0 0 0 0 0.36906764 0 0 0 0.7236402 0.1998496 0 0 0 0 0 0 0 0 0 0.40004236 0 0
"Palsa.None.R2.T0.JGI.BFC.metaspades_bin.311_71.88_3.42" 0.09478571 0 0 0 0 0 0 0 0 0 0 0 0.18045929 0 0 0 0 0 0 0 0 0 0 0 0.1577493 0 0 0 0 0 0 0 0 0 0.73710126 0 0 2.5637658 0.39948758 0 0 0 0 0 0 0 0 0 0 0 0 0.40642953 0 0 0 3.5869787 0 0 0 0 0 0 0.06635732 0 0 0 3.908961 0 0
"Palsa.Labelled.R3.T1.F3.trimmomatic.megahit_bin.10_90.51_2.85" 0 0 0 0 0 0 0 0 0 0 0 0 0 0 0 0 0 0 0 0 0 0 0 0 0 0 0 0 0 0 0 0 0 0 0 0 0 0.7050446 0 0 0 0 0 0 0 0 0 0 0 0 0 0 0 0 0 0.5402132 0 0 0 0 0 0 0 0 0 0 0 0 0
"PLDW01" 0 0 0 0 0 0 0 0 0 0 0 0 0 0 0 0 0 0 0 0 0 0 0 0 0 0 0 0 0 0 0 0 0 0 0 0 0 0.119659506 0 0 0 0 0 0 0 0 0 0 0 0 0 0 0 0 0 0.14611469 0 0 0 0 0 0 0 0 0 0 0 0 0
"Palsa.None.R2.T0.JGI.BFC.metaspades_bin.97_73.23_1.91" 0.11553626 0 0 0 0 0 0.082609825 0 0 0 0 0 1.0071405 0 0 0 0 0 0 0 0 0 0 0 0.60899395 0 0 0 0 0 0 0 0 0 0 0 0 2.166548 0 0 0 0 0 0 0 0 0 0 0 0 0 0.07789273 0 0 0 7.3252015 0 0 0 0 0 0 0 0 0 0 1.2422478 0 0
"20130700_P1Y_5" 0 0.06985073 0 0 0 2.7204382 0 0 0 0 0.108278625 0 0 0 0 0 0 0.36287907 0 0 0 0 0 0 0.24070586 0.39601916 0.06007767 0.30882812 0.6420175 0 0 0 0 0 0.3708415 2.1274545 0 0 0.10031181 0.37124082 0 0 0 0 0 0 0 0 0 0 0 1.3796296 0.056131687 0 1.1595728 0.5778431 11.332134 0.6173076 0 2.698705 0 0 0.16743696 0.31813458 0 0 1.929062 0.1741424 0
"3300037180_6" 0.07219038 0 0 0 0 0 0 0 0 0 0 0 0 0 0 0 0 0 0 0 0 0 0 0 0.31501356 0 0 0 0 0 0 0 0 0 0.11439512 0 0 0.8967559 0 0 0 0 0 0 0 0 0 0 0 0 0 0.15626958 0 0 0 2.2802782 0 0 0 0 0 0 0.07506984 0 0 0 0.20785965 0 0
"Palsa.Labelled.R3.T1.F1.trimmomatic.metaspades_bin.38_96.40_3.38" 0 0 0 0 0 0 0 0 0 0 0 0 0 0 0 0 0 0 0 0 0 0 0 0 0 0 0 0 0 0 0 0 0 0 0 0 0 0.22080314 0 0 0 0 0 0 0 0 0 0 0 0 0 0 0 0 0 0.14928153 0 0 0 0 0 0 0 0 0 0 0 0 0
"3300037349_11" 11.838203 0 0 0 0 0 0.08015492 0.83234894 0 0 0.26583427 0 28.58831 0 0 0 0 0 0 0 0.07922336 0 0 0 20.954124 0.18989988 0.15009984 0 0 1.4849325 0 0 0 0 16.938692 0 0.06045622 19.400524 0.6985924 0.17622387 0 0 0.9825214 0 0 0 0 0 0 0.15962686 0.19148521 0.3247318 0 0 0 43.413666 0 0 0 0.12537645 0 0 0.25398782 0 0 0 23.119564 0 0
"Palsa.Labelled.R3.T1.F1.trimmomatic.metaspades_bin.54_94.98_2.76" 0.12487607 0 0 0 0 0 0 0 0 0 0 0 0 0 0 0 0 0 0 0 0 0 0 0 0 0 0 0 0 0 0 0 0 0 0 0 0 0 0 0 0 0 0 0 0 0 0 0 0 0 0 0.8811273 0 0 0 0.6316306 0 0 0 0 0 0 0 0 0 0 0 0 0
"20160700_S23_5" 0.09005263 0 0 0 0 0 0 0 0 0 0 0 0.5081662 0 0 0 0 0 0 0 0 0 0 0 2.7735763 0 0 0 0 0 0 0 0 0 0.6070085 0.119811244 0 2.598724 1.5044038 0 0 0 0 0 0 0 0 0 0 0 0 0.6938828 0 0 0 1.6616001 36.959026 0.86898494 0 0.15297975 0 0 0.80325496 0 0 0 1.3843315 0 0
"Palsa.Labelled.R1.T1.F2.trimmomatic.metaspades_bin.50_88.06_3.48" 0 0 0 0 0 0 0 0 0 0 0 0 0 0 0 0 0 0 0 0 0 0 0 0 0 0 0 0 0 0 0 0 0 0 0.09359549 0 0 0.30454144 0.2487935 0 0 0 0 0 0 0 0 0 0 0 0 0.20044343 0 0 0 0.33744526 0 0 0 0 0 0 0 0 0 0 0.100230284 0 0
"Palsa.None.R2.T0.JGI.BFC.metaspades_bin.61_83.67_6.26" 0.2988511 0 0 0 0 0 0 0 0 0 0 0 1.000208 0 0 0 0 0 0 0 0 0 0 0 0.7479899 0 0 0 0 0 0 0 0 0 0.20170134 0 0 3.0646734 0.17590703 0 0 0 0 0 0 0 0 0 0 0 0 0.59987396 0 0 0 5.4059477 0 0 0 0 0 0 0.984902 0 0 0 0.86796814 0 0
"20150700_P15_4" 0 0 0 0 0 0.25581256 0 0 0 0 0 0 0 0 0 0 0 0 0 0 0 0 0 0 0.34303546 0.13043737 0 0 0.12365947 0 0 0 0 0 0 0 0 0 0 0 0 0 0 0 0 0 0 0 0 0 0 0.2682645 0 0.06564502 0 0.6644447 11.268087 0.69122154 0 0 0.13540155 0 0.12101739 0 0.06912775 0 0 0 0
"20150700_P15_11" 0 0 0 0 0 0 0 0 0 0 0 0 0 0 0 0 0 0 0 0 0 0 0 0 0 0 0 0 0 0 0 0 0 0 0 0 0 0 0 0 0 0 0 0 0 0 0 0 0 0 0 0 0 0 0 0.38059902 3.2073514 0.20888136 0 0 0 0 0 0 0 0 0 0 0
"20150700_P15_5" 0.13044868 0 0 0 0 0 0 0 0 0 0 0 0.43011156 0 0 0.18717577 0 0 0 0 0 0 0 0 3.080136 0 0 0 0 0 0 0 0 0 0.17150243 0 0 0.581299 1.0306107 0.073134445 0 0 0 0 0 0 0 0 0 0 0 5.6052804 0 0 0 5.250199 6.5592794 0.2257438 0 0.5152973 0 0 2.063443 0 0 0 3.152128 0 0
"20120600_P3M_9" 1.0773783 0 0 0 0 0 0.20633307 0 0 0 0 0 1.1025506 0 0 0 0 0 0 0 0 0 0 0 1.1959652 0 0 0 0 0.0570766 0 0 0 0 0.3825807 0 0 4.433077 0.7616426 0 0 0 0 0 0 0 0 0 0 0 0 1.5583552 0 0 0 3.1877084 0 0 0 0 0 0 0.10937932 0 0 0 1.8133657 0 0
"Palsa.None.R2.T0.JGI.BFC.metaspades_bin.210_73.18_6.21" 0 0 0 0 0 0 0 0 0 0 0 0 0.09174082 0 0 0 0 0 0 0 0 0 0 0 0.061804324 0 0 0 0 0 0 0 0 0 0 0 0 1.5242529 0.06900976 0 0 0 0 0 0 0 0 0 0 0 0 0 0 0 0 0.10700909 0 0 0 0 0 0 0 0 0 0 0.20947257 0 0
"Palsa.Unlabelled.R1.T3.F2.trimmomatic.metaspades_bin.96_80.51_1.15" 0.4612823 0 0 0 0 0 0 0 0 0 0 0 0.5169205 0 0 0 0 0 0 0 0 0 0 0 0.61276037 0 0 0 0 0.25184983 0 0 0 0 0.09434322 0 0 0.8733276 0.30144295 0 0 0 0 0 0 0 0 0 0 0 0 2.6054847 0 0 0 3.760003 0 0 0 0 0 0 0.14544408 0 0 0 2.1226625 0 0
"20111000_P1S_2" 0.0907448 0 0 0 0 0 0 0 0 0 0 0 0 0 0 0 0 0 0 0 0 0 0 0 0 0 0 0 0 0 0 0 0 0 0 0 0 0 0 0 0 0 0 0 0 0 0 0 0 0 0 0 0 0 0 0.3654559 0 0 0 0 0 0 0 0 0 0 0 0 0
"20150700_P31_7" 0 0 0 0 0 0 0 0 0 0 0 0 0.062102318 0 0 0 0 0 0 0 0 0 0 0 0.31132096 0 0 0 0 0 0 0 0 0 0 0 0 0.20043775 0.18947358 0 0 0 0 0 0 0 0 0 0 0 0 1.6372691 0 0 0 0.35975516 0.063910894 0 0 0 0 0 0.15863232 0 0 0 0.5571155 0 0
"Palsa.None.R2.T0.JGI.BFC.metaspades_bin.152_78.26_8.29" 0.60471183 0 0 0 0 0 0.12775347 0 0 0 0 0 1.5498848 0 0 0.39878517 0 0.075890146 0 0 0 0 0 0 5.360132 0.08320095 0 0 0 0.09483679 0 0 0 0 0.40266484 0.06499507 0 3.2050123 2.6027489 0.121671945 0 0 0 0 0 0 0.07169427 0 0 0 0 9.907848 0 0 0 5.6744466 1.6794059 0.12651491 0 0.6742551 0 0 1.4489233 0 0 0 3.7435298 0 0
"20160700_P15_24" 0 0 0 0 0 0 0 0 0 0 0 0 0 0 0 0 0 0 0 0 0 0 0 0 0 0 0 0 0 0 0 0 0 0 0 0 0 0 0 0 0 0 0 0 0 0 0 0 0 0 0 0.30311912 0 0 0 0 0.3008185 0 0 0 0 0 0.09599937 0 0 0 0 0 0
"Bog.None.R2.T0.JGI.BFC.metaspades_bin.302_84.77_4.31" 0.33561352 0 0 0 0 0 0 0 0 0 0 0 0.14716928 0 0 0.06807887 0 0 0 0 0 0 0 0 0.21261859 0 0 0 0 0 0 0 0 0 0 0 0 6.3921514 1.8466351 0.08230308 0 0 0 0 0 0 0 0 0 0 0 1.5475208 0 0 0 0.9876424 0 0 0 0 0 0 0.20107289 0 0 0 1.3801938 0 0
"20170700_P14_3" 0 0 0 0 0 0.54576623 0 0 0 0 0 0 0 0 0 0 0 0.113568164 0 0 0 0 0 0 0.09393372 0.057943925 0 0 0.20961875 0 0 0 0 0 0 0 0 0 0.06475674 0 0 0 0 0 0 0 0 0 0 0 0 4.2380137 0.24806198 2.1381366 0.14557469 0.15978904 1.1760916 0.088144384 0 0 0 0 0 0 0 0 0 0 0
"20140700_S32_12" 0 0 0.13542861 2.6357021 0.9159001 12.395271 0 0 0.33670098 0.6240735 5.184909 0.2394079 0.27110425 1.1625986 1.0902363 0 0.07923663 7.1806073 2.3686972 0.14180759 0 0.4124231 1.2175292 0.7255549 9.0202875 2.3033986 0.67436874 2.69756 7.2808795 0 0.40623373 2.0109322 0.22225016 0.39185843 0 0.650657 5.2866015 3.2901828 32.63201 7.832611 0.5607189 0.12984444 0 0.83446187 0.81794745 1.0203863 0 0.8215393 0.12491507 1.4762552 0.9333174 5.1317754 1.3407633 4.081494 0.38250965 0.23551251 13.696187 24.51089 0.09088722 9.766242 2.3126807 0.33142042 0.13279687 4.4846206 37.67805 0.44107208 15.131378 6.5333586 0.39298904
"20160700_S23_13" 0 0.072693385 0 0 0 0.061067853 0 0 0 0 0 0 0.3362279 0 0 0.13078107 0 0 0 0 0 0 0 0 3.7038085 2.2251172 0.11203016 0 0.1502783 0 0 0 0 0 0 0.30428007 0 0 0.45620897 0.06341595 0 0 0 0 0 0 0.07204543 0 0 0 0 9.733205 0.5664362 0 0 0.8603698 37.837437 1.1419122 0 2.11817 0.9021185 0 5.7464075 0.055883996 0 0 2.7130764 0.15905616 0
"Palsa.None.R2.T0.JGI.BFC.metaspades_bin.14_80.71_5.34" 0 0 0 0 0 0 0 0 0 0 0 0 0 0 0 0 0 0 0 0 0 0 0 0 0 0 0 0 0 0 0 0 0 0 0 0 0 0.18264182 0.05917921 0 0 0 0 0 0 0 0 0 0 0 0 0.1987951 0 0 0 0.8366199 0 0 0 0 0 0 0 0 0 0 0 0 0
"Palsa.Labelled.R3.T1.F2.trimmomatic.megahit_bin.31_72.28_6.84" 0 0 0 0 0 0 0 0 0 0 0 0 0 0 0 0 0 0 0 0 0 0 0 0 0 0 0 0 0 0 0 0 0 0 0.10562019 0 0 0 0 0 0 0 0 0 0 0 0 0 0 0 0 0.66048014 0 0 0 1.2527255 0 0 0 0 0 0 0.060986478 0 0 0 0 0 0
"20150700_P31_3" 0 0 0 0 0 0 0 0 0 0 0 0 0 0 0 0 0 0 0 0 0 0 0 0 0 0 0 0 0 0 0 0 0 0 0.10046792 0 0 0.15239319 0.118956715 0 0 0 0 0 0 0 0 0 0 0 0 1.0647206 0 0 0 0 0 0 0 0 0 0 0 0 0 0 0.16486165 0 0
"20160700_P15_18" 0 0 0 0 0 0 0 0 0 0 0 0 0 0 0 0 0 0 0 0 0 0 0 0 0 0 0 0 0 0 0 0 0 0 0 0 0 0 0 0 0 0 0 0 0 0 0 0 0 0 0 0.22830552 0 0 0 0.2328834 1.8834747 0 0 0 0 0 0 0 0 0 0 0 0
"20140700_S21_14" 1.9347942 0 0 0 0 0 0.3233683 0 0 0 0 0 3.186397 0 0 0 0 0 0 0 0 0 0 0 2.3075948 0 0 0 0 0.3027959 0 0 0 0 21.499773 0 0 9.582685 3.6011877 0.08680277 0 0 0.6348132 0 0 0 0 0 0 0 0 2.2548795 0 0 0 10.032168 0 0.08305372 0 0.0595046 0 0 2.136156 0 0 0 4.0056167 0 0
"20120600_P3M_11" 0 0 0 0 0 0 0 0 0 0 0 0 0 0 0 0 0 0 0 0 0 0 0 0 0 0 0 0 0 0 0 0 0 0 0 0 0 0.06968457 0 0 0 0 0 0 0 0 0 0 0 0 0 0 0 0 0 0.23779672 0 0 0 0 0 0 0 0 0 0 0 0 0
"20150700_S21_6" 4.5704236 0 0 0 0 0 0 0 0 0 0 0 9.119242 0 0 0 0 0 0 0 0 0 0 0 20.830822 0.08701221 0.090943456 0 0 0.13118213 0 0 0 0 0 0 0 5.485044 5.0046387 0.059343677 0 0 0 0 0 0 0 0 0 0 0 4.9279766 0 0 0 9.582706 0 0 0 0.3055119 0 0 0 0 0 0 8.191162 0 0
"20111000_P2S_1" 0.79980403 0 0 0 0 0 0 0 0 0 0 0 1.8744522 0 0 0 0 0 0 0 0 0 0 0 3.8047295 0 0 0 0 0 0 0 0 0 0.21809202 0 0 2.3177629 0.31209207 0 0 0 0 0 0 0 0 0 0 0 0 1.0647684 0 0 0 3.5665534 0 0 0 0 0 0 0.18345143 0 0 0 0.4170941 0 0
"20110700_S3M_15" 0.7114925 0.12964386 0 0.27387553 0.099520646 9.180766 0 0 0 0 4.7216167 0 2.6428163 0 0 0.22471519 0 3.5059688 0.110306285 0 0 0 0 0 26.143076 3.0567303 0.49693203 0.744996 1.4553121 0.4173888 0.16755345 0.0781312 0 0 1.1144799 5.8478293 0.22251812 8.084185 43.109276 9.432265 0.061244197 0 4.707072 0.060989775 0 0 0.22826223 0 0 0.1613346 0.33770037 4.8912315 9.151909 0.13319068 0 0.6086767 38.360332 1.2053355 0 32.33559 3.504774 0 5.75823 0.31662694 0.17367816 0 16.171944 0.81357205 0
"Palsa.Unlabelled.R3.T1.F2.trimmomatic.metaspades_bin.54_83.78_8.12" 0 0 0 0 0 0 0 0 0 0 0 0 0 0 0 0 0 0 0 0 0 0 0 0 0 0 0 0 0 0 0 0 0 0 0 0 0 0.11660872 0 0 0 0 0 0 0 0 0 0 0 0 0 0 0 0 0 1.0811408 0 0 0 0 0 0 0 0 0 0 0 0 0
"20110600_P3S_4" 0.055571683 0 0 0 0 0 0.115195565 0 0 0 0 0 0.24000679 0 0 0 0 0 0 0 0 0 0 0 0.3060182 0 0 0 0 0 0 0 0 0 1.3930465 0 0 6.794524 0.78921926 0 0 0 0 0 0 0 0 0 0 0 0 0.5681838 0 0 0 3.4234953 0 0 0 0 0 0 0 0 0 0 2.2833815 0 0
"Palsa.None.R2.T0.JGI.BFC.metaspades_bin.70_95.73_0.85" 0 0 0 0 0 0 0 0 0 0 0 0 0 0 0 0 0 0 0 0 0 0 0 0 0 0 0 0 0 0 0 0 0 0 0.0626463 0 0 0 0 0 0 0 0 0 0 0 0 0 0 0 0 1.0066918 0 0 0 1.3665382 0 0 0 0 0 0 0 0 0 0 0 0 0
"Palsa.Labelled.R1.T1.F1.trimmomatic.metaspades_bin.33_89.65_1.71" 0 0 0 0 0 0 0 0 0 0 0 0 0 0 0 0 0 0 0 0 0 0 0 0 0 0 0 0 0 0 0 0 0 0 0.34570497 0 0 0.19192456 0.09351642 0 0 0 0 0 0 0 0 0 0 0 0 0.75345296 0 0 0 1.2998408 0 0 0 0 0 0 0 0 0 0 1.4771612 0 0
"Palsa.Unlabelled.R1.T1.F1.trimmomatic.megahit_bin.45_71.69_6.46" 0 0 0 0 0 0 0 0 0 0 0 0 0 0 0 0 0 0 0 0 0 0 0 0 0 0 0 0 0 0 0 0 0 0 0 0 0 0.07409455 0 0 0 0 0 0 0 0 0 0 0 0 0 0 0 0 0 0.16979398 0 0 0 0 0 0 0 0 0 0 0.18422237 0 0
"20120700_P1M_1" 0 0 0 0 0 0 0 0 0 0 0 0 0 0 0 0 0 0 0 0 0 0 0 0 0.08950335 0 0 0 0 0 0 0 0 0 0.062154915 0 0 0.8980045 0.57495505 0 0 0 0 0 0 0 0 0 0 0 0 0.17447194 0 0 0 1.7382507 0 0 0 0 0 0 0 0 0 0 1.0052073 0 0
"20170700_P31_1" 0 0 0 0 0 0 0.063404255 0 0 0 0 0 0 0 0 0 0 0 0 0 0 0 0 0 0.40079817 0 0 0 0 0 0 0 0 0 0.3059306 0 0 2.810906 1.5325752 0 0 0 0 0 0 0 0 0 0 0 0 0.7519161 0 0 0 6.98163 0 0 0 0 0 0 0 0 0 0 2.2640007 0 0
"20160700_P15_3" 0 0 0 0 0 0 0 0 0 0 0 0 0 0 0 0 0 0 0 0 0 0 0 0 0.11141957 0 0 0 0 0 0 0 0 0 0.085757345 0 0 1.095252 0.76542664 0 0 0 0 0 0 0 0 0 0 0 0 0.2151654 0 0.1214419 0 2.053421 0 0 0 0 0 0 0 0 0 0 1.2909983 0 0
"20140700_S31_3" 5.791211 0 0 0 0 0 0.44776404 0 0 0 0 0 5.906943 0 0 0.12626868 0 0 0 0 0.056373335 0 0 0 11.26958 0.06274101 0.056148462 0 0 0.41214994 0 0 0 0 0.500532 0 0 12.864185 12.145426 0.1762256 0 0 0.13358326 0 0 0 0 0 0 0 0 2.5640392 0 0 0 9.600944 0 0 0 0 0 0 1.0528194 0 0 0 10.444321 0 0
"Palsa.None.R2.T0.JGI.BFC.metaspades_bin.96_88.84_2.56" 0 0 0 0 0 0 0 0 0 0 0 0 0 0 0 0 0 0 0 0 0 0 0 0 0.07601528 0 0 0 0 0 0 0 0 0 0 0 0 0.115214996 0.5476896 0 0 0 0 0 0 0 0 0 0 0 0 0.1512986 0 0 0 0.76055187 0 0 0 0 0 0 0 0 0 0 0.42685825 0 0
"20120600_P3M_6" 0 0 0 0 0 0 0 0 0 0 0 0 0 0 0 0 0 0 0 0 0 0 0 0 0 0 0 0 0 0 0 0 0 0 0 0 0 0 0 0 0 0 0 0 0 0 0 0 0 0 0 0.10705046 0 0 0 0.12897965 0 0 0 0 0 0 0 0 0 0 0.15717953 0 0
"20150700_P15_13" 0.17814076 0 0 0 0 0 0 0 0 0 0 0 0 0 0 0 0 0 0 0 0 0 0 0 0 0 0 0 0 0.14458248 0 0 0 0 2.079962 0 0 1.5270984 0.3614107 0 0 0 0 0 0 0 0 0 0 0 0 0.17037421 0 0 0 0.67460674 0 0 0 0 0 0 0 0 0 0 0 0 0
"20120700_P3D_83" 0 0 0 0 0 0 0 0 0 0 0 0 0 0 0 0 0 0 0 0 0 0 0 0 0.09455252 0 0 0 0 0 0 0 0 0 0.13594806 0 0 0 0 0.075668134 0 0 0 0 0 0 0 0 0 0 0 0.12552749 0 0 0 0.17002662 0 0 0 0.1423627 0 0 0 0 0 0 0 0 0
"Palsa.Unlabelled.R2.T3.F3.trimmomatic.megahit_bin.30_89.06_2.80" 0 0 0 0 0 0 0 0 0 0 0 0 0.200359 0 0 0 0 0 0 0 0 0 0 0 0.34617907 0 0 0 0 0 0 0 0 0 0.069600075 0 0 2.8301682 0.093006544 0 0 0 0 0 0 0 0 0 0 0 0 0 0 0 0 5.1645646 0 0 0 0 0 0 0.114840314 0 0 0 0.6879074 0 0
"Palsa.None.R2.T0.JGI.BFC.metaspades_bin.319_82.00_3.81" 0 0 0 0 0 0 0 0 0 0 0 0 0 0 0 0 0 0 0 0 0 0 0 0 0 0 0 0 0 0 0 0 0 0 0 0 0 3.0357945 0.08317004 0 0 0 0 0 0 0 0 0 0 0 0 0.29026872 0 0 0 0.48837525 0 0 0 0 0 0 0 0 0 0 0.45358637 0 0
"Palsa.None.R2.T0.JGI.BFC.metaspades_bin.21_97.13_1.25" 0 0 0 0 0 0 0 0 0 0 0 0 0 0 0 0 0 0 0 0 0 0 0 0 0 0 0 0 0 0 0 0 0 0 0.5195708 0 0 0.65094614 0 0 0 0 0 0 0 0 0 0 0 0 0 0.14209789 0 0 0 3.4944925 0 0 0 0 0 0 0 0 0 0 0.10529356 0 0
"20160700_S23_8" 0.28096294 0.25272474 0 0 0 0 0 0.49637818 0 0 0 0 0.1456965 0 0 0.12820244 0 0 0 0 0.16585736 0 0 0 1.9681481 1.4048667 0 0 0 1.3694601 0 0 0 0 4.1642685 0.3641006 0 0 2.072157 0.46539658 0 0 0.81032264 0 0 0 0.20004295 0 0 0 0 2.1300402 0 0 0 0.13969979 16.995596 1.0074382 0 1.585121 0 0 0.9145155 0 0 0 8.436998 0 0
"Palsa.Unlabelled.R3.T3.F2.trimmomatic.metaspades_bin.58_71.79_7.57" 0.21435368 0 0 0 0 0 0 0 0 0 0 0 0 0 0 0 0 0 0 0 0 0 0 0 0 0 0 0 0 0 0 0 0 0 0.14358845 0 0 0.07262668 0.2610245 0 0 0 0 0 0 0 0 0 0 0 0 0.08329771 0 0 0 1.0365329 0 0 0 0 0 0 0 0 0 0 0.15020335 0 0
"20140700_S31_11" 3.4441547 0 0 0 0 0 0 0 0 0 0 0 1.1850778 0 0 0 0 0 0 0 0 0 0 0 2.5201278 0 0 0 0 0.17393321 0 0 0 0 0.27617484 0 0 11.388664 2.7447662 0.05626015 0 0 0 0 0 0 0 0 0 0 0 3.7911518 0 0 0 8.143806 0 0 0 0 0 0 3.618782 0 0 0 2.4156508 0 0
"Palsa.Unlabelled.R1.T3.F3.trimmomatic.metaspades_bin.82_91.99_3.21" 0.7050952 0 0 0 0 0 0 0 0 0 0 0 0.2238818 0 0 0 0 0 0 0 0 0 0 0 0.5420702 0 0 0 0 0 0 0 0 0 0.1093323 0 0 1.5410082 0.36414942 0 0 0 0 0 0 0 0 0 0 0 0 3.7293053 0 0 0 2.2614388 0 0 0 0 0 0 0.8917783 0 0 0 0.41136572 0 0
"Palsa.Unlabelled.R1.T3.F2.trimmomatic.megahit_bin.36_77.59_1.72" 0.11455649 0 0 0 0 0 0 0 0 0 0 0 0 0 0 0 0 0 0 0 0 0 0 0 0 0 0 0 0 0 0 0 0 0 0.08019937 0 0 0 0.06387915 0 0 0 0 0 0 0 0 0 0 0 0 0.12260292 0 0 0 0.31410697 0 0 0 0 0 0 0 0 0 0 0.0849908 0 0
"20120500_P32_2" 0 0 0 0 0 0 0 0 0 0 0 0 0 0 0 0 0 0 0 0 0 0 0 0 0 0 0 0 0 0 0 0 0 0 0 0 0 0.10075893 0 0 0 0 0 0 0 0 0 0 0 0 0 0 0 0 0 0.1327605 0 0 0 0 0 0 0 0 0 0 0.0587178 0 0
"20120600_P3M_10" 0 0 0 0 0 0 0 0 0 0 0 0 0 0 0 0 0 0 0 0 0 0 0 0 0 0 0 0 0 0 0 0 0 0 0 0 0 0.13995671 0 0 0 0 0 0 0 0 0 0 0 0 0 0 0 0 0 0.77694327 0 0 0 0 0 0 0 0 0 0 0 0 0
"Palsa.Unlabelled.R2.T3.F3.JGI.BFC.metaspades_bin.5_87.01_6.92" 0 0 0 0 0 0 0 0 0 0 0 0 0 0 0 0 0 0 0 0 0 0 0 0 0 0 0 0 0 0 0 0 0 0 0 0 0 0 0 0 0 0 0 0 0 0 0 0 0 0 0 0.29068217 0 0 0 0.99220294 0 0 0 0 0 0 0 0 0 0 0.1425739 0 0
"20120500_P31_3" 0 0 0 0 0 0 0 0 0 0 0 0 0 0 0 0 0 0 0 0 0 0 0 0 0 0 0 0 0 0 0 0 0 0 0 0 0 0 0 0 0 0 0 0 0 0 0 0 0 0 0 0.29201514 0 0 0 0.28791854 0 0 0 0 0 0 0 0 0 0 0.20606478 0 0
"20150700_S23_2" 0.7918683 0.3251823 0 0.4990362 0 0 0.055646386 0.14231782 0 0 1.6456137 0 1.8775841 0.059537042 0.06966277 0.16753967 0 0 0 0 0 0 0 0 7.9628043 6.420448 0.1535889 0.062424712 0 0.9317745 0 0 0 0 4.221351 1.2492753 0 1.889744 20.645235 12.243088 0 0 18.98038 0.9212813 0 0 20.211329 0 0 0.83764386 0.63209325 4.4954615 0 0 0 0.26635155 6.071196 0.116681546 0 33.07177 0 0 1.6876124 0 0 0 16.372044 0.1195887 0
"20150700_P21_1" 0 0 0 0 0 0 0 0 0 0 0 0 0 0 0 0 0 0 0 0 0 0 0 0 0 0 0 0 0 0 0 0 0 0 0 0 0 0.16080198 0 0 0 0 0 0 0 0 0 0 0 0 0 0.11707598 0 0 0 0.84723866 0 0 0 0 0 0 0 0 0 0 0 0 0
"Palsa.Labelled.R1.T1.F2.trimmomatic.megahit_bin.16_70.72_6.45" 0 0 0 0 0 0 0 0 0 0 0 0 0 0 0 0 0 0 0 0 0 0 0 0 0 0 0 0 0 0 0 0 0 0 0 0 0 0.96441853 0.06728936 0 0 0 0 0 0 0 0 0 0 0 0 0.14685811 0 0 0 0.87828004 0 0 0 0 0 0 0 0 0 0 0.26457208 0 0
"20160700_S33_6" 1.4999589 1.1860071 0 0 0 0 0.12496861 0.46595398 0 0 1.5519207 0 1.823322 0 0 1.025941 0 0 0 0 0.12257456 0 0 0 11.947341 4.1293526 0.21366623 0 0 1.4593722 0.20051962 0 0 0 7.166908 4.0155373 0 3.1014125 19.929003 18.010876 0 0 8.476879 0.43101728 0 0 6.223846 0 0 0.25089398 0.23196319 9.765403 0 0 0 2.454309 19.901142 0.42158112 0 20.595818 0 0 4.727071 0 0 0 17.148115 0.35694382 0
"Palsa.Unlabelled.R1.T3.F3.trimmomatic.metaspades_bin.94_89.19_4.42" 0.75202775 0 0 0 0 0 0.0683613 0 0 0 0 0 0.4760347 0 0 0.52902323 0 0 0 0 0 0 0 0 1.0213511 0 0 0 0 0.102009445 0 0 0 0 0.77500474 0 0 1.4125689 0.7457289 0 0 0 0 0 0 0 0 0 0 0 0 13.544704 0 0 0 9.554481 0 0 0 0 0 0 1.3560709 0 0 0 3.8989432 0 0
"Palsa.Unlabelled.R2.T3.F3.JGI.BFC.metaspades_bin.203_90.06_2.84" 0 0 0 0 0 0 0 0 0 0 0 0 0 0 0 0 0 0 0 0 0 0 0 0 0 0 0 0 0 0 0 0 0 0 0 0 0 0.14666712 0 0 0 0 0 0 0 0 0 0 0 0 0 0.05731637 0 0 0 1.293452 0 0 0 0 0 0 0 0 0 0 0 0 0
"Palsa.Unlabelled.R2.T3.F3.trimmomatic.megahit_bin.241_91.03_4.38" 0 0 0 0 0 0 0 0 0 0 0 0 0 0 0 0 0 0 0 0 0 0 0 0 0 0 0 0 0 0 0 0 0 0 0 0 0 0 0 0 0 0 0 0 0 0 0 0 0 0 0 0.3595932 0 0 0 1.379806 0 0 0 0 0 0 0 0 0 0 0 0 0
"3300022861_3" 0 0 0 0 0 0 0 0 0.064788885 0 0 0 0 0 0 0 0 0 0 0 0 0 0 0 0 0 0 0 0 0 0 0 0 0 0 0 0 0 0 0 0 0 0 0 0 0 0 0 0 0 0 0 0 0 0 0.103379056 0 0 0 0 0 0 0 0.36413023 0 0 0 0 0
"3300037262_8" 0 0 0 0 0 0 0 0 0 0 0 0 0 0 0 0 0 0 0 0 0 0 0 0 0 0 0 0 0 0 0 0 0 0 0.07263626 0 0 0 0 0 0 0 0 0 0 0 0 0 0 0 0 0 0 0 0 0.08910757 0 0 0 0 0 0 0 0 0 0 0 0 0
"20120700_P2D_11" 0 0.09709251 0 0 0 0 0 0 0 0.07933227 0 0 0 0 0 0 0 0 0 0 0 0 0 0.12977521 0.4265881 1.9197668 0 0 0.4379245 0 0 0 0.12333361 0.07582067 0 0.05873201 0 0 0.41179085 0.24335927 0 0 0 0 0 0 0 0 0 0 0 3.7684283 0 0.1782429 0.11618602 0.20412186 0.07367648 0 0 0.102009594 0 0.120257504 0.5476712 0 0 0 0.5662731 0 0.4212042
"Palsa.None.R2.T0.JGI.BFC.metaspades_bin.320_77.36_1.34" 0 0 0 0 0 0 0 0 0 0 0 0 0 0 0 0 0 0 0 0 0 0 0 0 0 0 0 0 0 0 0 0 0 0 0 0 0 0.15342553 0 0 0 0 0 0 0 0 0 0 0 0 0 0.6160106 0 0 0 1.2190512 0 0 0 0 0 0 0.12837769 0 0 0 0.091052346 0 0
"20120700_P2M_1" 0 0 0 0 0 0 0 0 0 0 0 0 0 0 0 0 0 0 0.08227658 0 0 0 0 0 0 0 0 0 0 0 0 0 0 0 0 0 0 0 0 0 0 0 0 0 0 0 0 0 0 0 0 0.73285747 0 0.5524108 0 1.4050634 0.4667707 0.36787 0 0 0 0 0.10848098 0 0 0 0 0 0
"20130700_S1X_7" 3.0069318 4.732267 0.69698524 0.28962937 0 4.3524356 0.103558294 0.46218958 0.16962053 0 5.70688 0.07644361 6.9793243 1.1452026 1.0356412 1.7637348 1.231024 0.44860697 29.434092 0.27697116 0.0783392 0 0 0 20.32891 14.67003 3.5440538 1.5022022 0.65902126 2.0350108 0.095290974 0.28755665 0 0 2.0977492 2.1585855 2.925379 2.8544562 20.344786 11.396905 0.24384128 0 1.5414013 0.12884687 0.6029566 0 4.1155543 0 0 0.53875005 0.23766275 15.740488 3.4874926 4.052903 3.3220298 2.963117 36.854267 2.76863 0 35.97882 29.419424 0.91446257 3.7185395 1.3769687 0.5498913 1.1817293 51.534748 3.7583184 0.056708883
"Palsa.None.R2.T0.JGI.BFC.metaspades_bin.298_98.43_2.66" 0 0 0 0 0 0 0 0 0 0 0 0 0.13488002 0 0 0.06486361 0 0 0 0 0 0 0 0 1.0929655 0 0 0 0 0 0 0 0 0 0.12604432 0 0 14.36282 4.0434947 0.19240779 0 0 0 0 0 0 0 0 0 0 0 2.687577 0 0 0 0.69512296 0 0 0 0 0 0 0.76078916 0 0 0 2.8289669 0 0
"20120700_P3S_1" 0 0 0 0 0 0 0.107069224 0.17809013 0 0 0 0 0.13203274 0 0 0.37654445 0 0 0 0 0 0 0 0 0.3981477 0 0 0 0 0.4487137 0 0 0 0 0.6012158 0 0 1.2079087 0.5886967 0 0 0 0 0 0 0 0 0 0 0 0 2.443874 0 0 0 5.815509 2.157234 0.11478988 0 0.0718768 0 0 1.1267184 0 0 0 2.32613 0 0
"Bog.Unlabelled.R3.T3.F3.trimmomatic.metaspades_bin.132_81.32_1.30" 0.16725965 0 0 0 0 0 0 0 0 0 0 0 0 0 0 0 0 0 0 0 0 0 0 0 0.07198525 0 0 0 0 0 0 0 0 0 0 0 0 0.12063655 0.19865707 0 0 0 0 0 0 0 0 0 0 0 0 1.027973 0 0 0 0.13335662 0 0 0 0 0 0 0.6560376 0 0 0 0 0 0
"Bog.Unlabelled.R3.T1.F3.trimmomatic.metaspades_bin.144_72.18_2.39" 0 0 0 0 0 0 0 0 0 0 0 0 0.090252824 0 0 0 0 0 0 0 0 0 0 0 0 0 0 0 0 0 0 0 0 0 0 0 0 0.72811466 0.17048842 0 0 0 0 0 0 0 0 0 0 0 0 0 0 0 0 0.45560044 0 0 0 0 0 0 0.069192 0 0 0 0.14320843 0 0
"Palsa.Unlabelled.R2.T3.F3.JGI.BFC.metaspades_bin.307_96.20_1.65" 0 0 0 0 0 0 0 0 0 0 0 0 0 0 0 0 0 0 0 0 0 0 0 0 0 0 0 0 0 0 0 0 0 0 0 0 0 0.092459954 0.30593228 0 0 0 0 0 0 0 0 0 0 0 0 0 0 0 0 0.30823764 0 0 0 0 0 0 0 0 0 0 0.12824453 0 0
"20120700_P3D_74" 0 0 0 0 0 0 0 0 0 0 0 0 0 0 0 0 0 0 0 0 0 0 0 0 0 0 0 0 0 0 0 0 0 0 0 0 0 0.057810806 0 0 0 0 0 0 0 0 0 0 0 0 0 0 0 0.07745564 0 0 0 0 0 0 0.10704615 0 0 0 0 0 0 0 0
"20160700_P15_15" 0 0 0 0 0 0 0 0 0 0 0 0 0 0 0 0 0 0 0 0 0 0 0 0 0.10926419 0.15102291 0 0 0 0 0 0 0 0 0.44635725 0 0 0.1836978 3.2501583 1.737045 0 0 0 0 0 0 0 0 0 0 0 1.5928149 0 0 0 0.42081016 0.11113665 0 0 1.6003481 0 0 0.8592754 0 0 0 3.3072555 0 0
"Bog.Unlabelled.R3.T3.F3.trimmomatic.metaspades_bin.162_74.65_1.37" 0.36703342 0 0 0 0 0 0 0 0 0 0 0 0 0 0 0.24491566 0 0 0 0 0 0 0 0 0 0 0 0 0 0 0 0 0 0 0.09571129 0 0 0 0 0 0 0 0 0 0 0 0 0 0 0 0 4.069962 0 0 0 0 0 0 0 0 0 0 1.0236362 0 0 0 0 0 0
"Palsa.Unlabelled.R1.T3.F3.trimmomatic.metaspades_bin.77_83.91_2.81" 0 0 0 0 0 0 0 0 0 0 0 0 0 0 0 0 0 0 0 0 0 0 0 0 0 0 0 0 0 0 0 0 0 0 0 0 0 0 0 0 0 0 0 0 0 0 0 0 0 0 0 0.17166795 0 0 0 0 0 0 0 0 0 0 0.070969686 0 0 0 0 0 0
"Palsa.None.R2.T0.JGI.BFC.metaspades_bin.128_97.22_0.00" 0 0 0 0 0 0 0 0 0 0 0 0 0 0 0 0 0 0 0 0 0 0 0 0 0 0 0 0 0 0 0 0 0 0 0 0 0 0.38223615 0 0 0 0 0 0 0 0 0 0 0 0 0 0.122302964 0 0 0 0.29980618 0 0 0 0 0 0 0 0 0 0 0 0 0
