"genome" "711_S-1-S" "711_S-1-M" "711_S-1-D" "711_S-2-M" "711_S-2-D" "711_S-3-M" "712_S-1-S" "712_S-1-M" "712_S-1-D" "712_S-1-X" "712_S-2-D" "712_S-2-X" "712_S-3-S" "712_S-3-D" "712_S-3-X" "713_S-1-S" "713_S-1-M" "713_S-1-D" "713_S-1-X0" "713_S-1-X1" "713_S-2-S" "713_S-2-M" "713_S-2-D" "713_S-2-X0" "713_S-3-S" "713_S-3-M" "713_S-3-D" "713_S-3-X0" "713_S-3-X1" "714_S1_1-5" "714_S1_5-9" "714_S1_10-14" "714_S1_20-24" "714_S1_30-34" "714_S2_1-5" "714_S2_5-9" "714_S2_20-24" "714_S3_1-5" "714_S3_5-9" "714_S3_10-14" "714_S3_20-24" "714_S3_30-34" "715_S1_1-5" "715_S1_10-14" "715_S1_20-24" "715_S1_30-34" "715_S2_10-14" "715_S2_20-24" "715_S2_30-34" "715_S3_20-24" "715_S3_30-34" "716_S1_1-5" "716_S1_10-14" "716_S1_20-24" "716_S1_30-34" "716_S2_1-5" "716_S2_10-14" "716_S2_20-24" "716_S2_30-34" "716_S3_10-14" "716_S3_20-24" "716_S3_30-34" "717_S2_1-5" "717_S2_10-14" "717_S2_20-24" "717_S2_30-34" "717_S3_1-5" "717_S3_10-14" "717_S3_20-24"
"20120700_S3D_8" 0 0 0 0 0.086469464 0 0 0 0 0.4035891 0.12533939 4.3616114 0 12.512346 9.321364 0 0 0 0 1.6704355 0 0.3670431 2.636844 0.22123641 0 0 0 0 0.35781187 0 0 0.07571351 0.82573575 1.1301682 0 0 0 0 0 0.49797982 4.515301 6.802544 0 0.06271187 0.17606969 7.6411037 0 1.5267043 0.3151884 1.0799272 3.5193982 0 0 0.14668256 2.6957808 0 0 0.060265247 0.25031215 0 1.0956271 0.60973775 0 0 0.79319793 3.3906887 0 0.17921272 0.110507764
"PLTT01" 0 0.118176885 0 8.684599 1.296892 0.36392143 0.103658125 0 10.50503 0.16264708 0.32973927 0 0 0.20154776 0.13741158 0 0.41029778 2.068553 0.07434848 0 0.07216508 6.9096093 1.244271 0.12691818 0 0 0.54467624 0.48764217 0.6556688 0 0 0.30963045 0.56900805 0 0 0 0.08323739 0 0 0.15117429 2.3559785 0.7354007 0 2.2991846 0.25785145 0 0 0.30516738 0.26450175 0.712328 0.5802524 0 3.917651 0 0 0 0 0 0 0.15554237 0.2576204 0 0 4.126379 0 0 0 0.09876505 0.26414105
"20120700_S1D_12" 0 0 0.1482087 0.4122743 0 0.5074379 0 0 1.6474792 0.17299385 0.280915 0 0 0.4273392 0.32849818 0 0 0.19667637 0.05757084 0 0 1.3970298 1.148227 0 0 0.26378945 0.60132164 0.27439734 0.47094497 0 0 2.46426 0.3473506 0.14353314 0 0 0.5949955 0 0 0 0 0.070800826 0 0.13196208 0.08012769 0.08656109 0 0.62823457 0.17414893 0.5803228 0.4246599 0 0.16049458 0.39337817 0.45442778 0 0 0.1328839 0.7983807 0.12087775 0.886346 0.20612562 0 0.74656695 1.3035871 0.7513871 0 1.0249369 0.0967649
"20120700_S1D_70" 0 1.5308828 2.036917 2.9283423 0 0.7921059 0 0 2.525774 0.078963645 1.4839356 0.11949141 0 0.8754016 0.66852504 0 0 0.44252142 0 0 0 1.4983864 0.7108177 0 0 0.09618759 1.9636914 0.80057496 0.22388609 0 0.30908644 1.7951422 0.20010622 0 0 0 0.6974082 0 0 0.27258044 0.4503123 0.50573313 0 0.7504402 0.94168043 0.06254353 0 1.5238739 0 0 0.119965985 0 0.39568374 0.35078558 0.157682 0 0 0 0 0 0.41070467 0 0 0.7985845 0.35311794 0.23951204 0 0.8169074 0
"3300037207_8" 0 1.649022 2.2641342 12.601847 7.0170197 4.9683266 0 0 7.728698 2.238736 8.598248 1.7285067 0 2.2153914 1.8927667 0 0.26547217 2.8421283 2.5337703 0.19235042 0 7.0080466 6.546172 3.4624429 0.060195446 1.580492 3.2223172 2.8981385 3.3810527 0 1.8467115 10.944915 5.091913 3.7231886 0 0.91845775 6.718457 0 0.5933998 6.974619 1.2445253 2.2157838 0 5.0838037 5.2091665 1.1939934 0.26405624 10.164998 3.4399674 3.4904575 3.8227916 0 3.4086292 4.077544 2.365961 0 4.1446185 2.792654 4.0346856 3.018656 7.211627 4.896587 0 4.321606 4.6437635 4.4900837 0.17996715 6.84662 6.4511814
"PLGY01" 0 0 0 32.825302 123.477295 1.7582783 0.07540303 0 4.7281904 104.71334 6.0572476 120.44914 0 12.261261 10.297133 0.12664114 0.07156635 0 32.574413 35.234573 0.64981174 3.3079903 13.661426 64.981995 0 0 0 3.4713361 2.9270744 0.21682547 0.20829809 8.464948 35.17941 165.24092 0 0 36.415905 0 0.084497966 2.3321617 3.9075015 4.141388 0 0.5640235 31.303585 67.72187 0 33.100697 132.60867 125.60867 84.395645 0 0.44778332 2.5427442 15.334122 0 0.06613934 7.2645345 144.11316 0.16548753 15.941031 169.8893 0 0.9307885 5.224694 29.16153 0 9.232301 118.04993
"20120700_S1D_59" 0 1.0641744 4.5862255 5.5841055 3.1162314 2.5990498 0.17258775 0.08349903 4.6155972 1.0645841 4.278819 1.1060475 0 3.5196884 2.3167555 0 0 0.7649018 4.3637395 0.17687412 0 1.9643362 3.0777555 0.7464312 0 0 0.68078756 1.4606276 1.6355671 0 0.9187244 3.3022423 2.89521 1.9620829 0 0 4.542199 0 0 0 1.4079425 1.0320709 0 0.5118878 1.9437714 0.6901767 0 2.423619 1.2579516 3.9761233 2.872841 0 2.256714 1.5748127 1.0612384 0 0 0 0.617542 0 3.2122633 1.5886816 0 5.90258 3.9150755 2.9050999 0 2.6131763 0.64884424
"20110700_S2D_21" 0 0.1741577 1.0667565 4.6550083 7.1085563 1.477358 0 0 1.3950601 1.3408203 2.899144 1.7333272 0 5.724633 3.4971724 0 0 0.13110402 1.5535045 0.38848782 0 0.8007884 2.5863478 2.0281315 0 0.08850273 0.28152546 2.3709104 1.3370398 0 0 1.1316999 13.079426 7.743226 0 0 3.8266685 0 0 0.5878059 2.8786519 2.6933062 0 1.5280167 5.252307 21.824862 0 4.404011 4.4726553 2.4181356 1.8321487 0 0.16112313 2.3767495 1.1796292 0 0.182523 2.7372277 2.0519848 0 0.77542806 1.9064511 0 1.265876 4.021344 1.8222598 0 1.3032542 0.22752666
"20120700_S1D_115" 0 2.8964942 0.32022142 1.6201884 0.72586733 0.9234327 0 0 1.8137933 0.6374127 0.8267142 0.3450011 0 3.409525 3.3056276 0 0.5545388 0.7804295 0.59748226 0.14330284 0 1.7545097 1.0182426 0.7433714 0 0.3201722 1.1744345 1.3492612 2.2997944 0 0.18778937 1.578328 0.8100845 0.42135823 0 0.15884715 2.159608 0 0.07517482 1.5354325 1.7082713 0.7361769 0 0.33867675 0.7516456 2.7569635 0.43209517 0.984317 0.30963254 0.6352129 1.538042 0 2.597526 0.5600448 0.70645726 0 1.4303111 8.790239 5.420827 0.25434667 1.0814631 0.4654052 0 0.9698546 7.275754 2.1106503 0 1.4330351 0.4157708
"20120700_S3X_18" 0 0 0.12849642 1.6735277 2.1274872 1.5055515 0 0 0.6907508 12.414955 0.730718 36.30425 0 34.802784 35.875435 0 0 0.29253387 0.7180706 1.7440623 0 1.0075947 1.7326635 6.2552633 0 0 0.13197166 8.259946 7.007581 0 0 0.91092765 2.7424235 9.765884 0 0 2.027639 0 0 0 0.11035115 1.615354 0 0.09496034 0.44693863 6.910907 0 0.54432154 2.6217532 1.5706738 4.1620097 0 0.29594296 0.88805425 0.64908725 0 0 2.28102 3.652127 0 0.536387 3.192034 0 0.10063828 1.930989 2.196848 0 0.47724506 2.5167518
"20120700_S1X_2" 0 0 0 27.333326 30.087034 1.1834937 0 0 1.7009497 112.31374 16.597145 245.51393 0 47.03925 45.62644 0 0.16113691 0.06039075 16.503408 45.485985 0.4172356 3.8592863 19.04285 118.92986 0 0 0 10.89367 10.445331 0.15315838 0 3.8303876 32.299797 134.52013 0 0 92.936226 0 0.0669526 0.25810784 3.7244043 20.519976 0 0.18265632 35.288994 300.66238 0 35.457092 65.95133 130.57895 225.8492 0 0.9968328 4.529673 53.304474 0 0.351406 47.62654 327.41873 0.09768493 2.6333914 54.04147 0 0.7052975 41.02613 107.400475 0 5.6067595 37.324505
"20140700_E14_11" 0.84263945 81.59489 18.37061 78.21133 24.880049 67.032745 2.3070405 2.1298466 125.070786 7.041183 60.30877 14.906096 0.36013493 95.65613 91.2802 1.0925215 44.784103 43.84174 26.524387 2.668171 11.702461 166.72937 69.69592 10.282737 1.2076867 22.46476 67.88573 67.04254 43.847668 2.6730597 17.724222 110.68796 29.757416 10.381242 0.96200234 9.337236 126.31214 0.93808234 12.058948 98.64754 130.597 85.435555 0.44094706 50.50719 47.313656 47.87366 23.807224 51.177937 5.5681086 39.359325 30.628222 0.12867737 90.46992 16.108034 7.4388213 0.43991324 75.14823 38.624073 15.1811285 54.88054 34.37817 8.220215 0 161.33986 164.88345 27.306013 1.6353276 61.658535 9.568839
"20110800_E3D_9" 0 0 0 19.973177 65.21221 4.602286 0 0 2.140859 48.763874 7.898729 35.101376 0 4.964069 4.7634764 0 0 0.8513293 26.07987 2.5812843 0.08143249 3.695228 18.944088 60.115875 0 0 0.33362976 2.8100922 6.2970223 0 0 4.1868935 41.2382 65.87759 0 0 10.354151 0 0 0.49056253 0.3191788 12.458854 0 0.98963475 23.402529 41.03171 0 12.785159 26.396774 20.067482 41.5129 0 0.84248954 33.85744 21.30834 0 0.39397573 12.358154 13.5622425 0.33654824 14.155605 44.162426 0 0.21885183 35.30621 19.94614 0 5.6106577 34.89795
"20110800_S1M_17" 0.081691384 9.426467 52.351063 45.57491 113.6724 0.91793656 0.1007199 0.06436779 2.8055687 98.62175 21.318163 46.2051 0 82.610016 79.973946 0 0.16999389 0.24829265 25.000507 1.7188593 0.09815812 4.361577 3.3252525 122.74737 0.24509075 2.45979 26.703089 82.33442 39.453278 0.13739863 0.5862179 24.143095 43.49877 145.70448 0 0.16644593 54.679356 0 1.3649322 5.4660306 1.7317358 20.458635 0.100028716 11.880236 197.56123 7.5585556 1.3225684 62.145348 50.29563 75.21129 45.10987 0 5.3772283 2.550657 26.16634 0 2.2707305 12.659613 122.46441 7.6929355 17.976343 216.41646 0 0.18702058 1.2674427 2.9914463 0.12031181 31.64708 193.10025
"20170700_S34_26" 0 0 0 1.0869297 7.321145 0 0 0 0.09753141 2.5105817 3.9510033 0 0 0 0 0 0 0 5.7936177 0 0 0 0 2.5604358 0 0 0 0 1.7828158 0 0 1.9647876 11.18388 2.2950747 0 0 15.044676 0 0 1.6425446 0 0.18439716 0 0 17.343908 0.15216008 0 0.5585896 0.325439 1.751204 1.3387486 0 0 1.7623651 0.14519209 0 0 1.8172711 0.8466646 1.4108787 6.7476835 8.286089 0 0 1.1365278 0.10805507 0 3.3841329 17.082745
"20140700_S15_2" 0.45239177 93.7978 10.713276 432.3134 212.21251 40.196045 2.9886055 1.9537803 154.1687 31.103115 57.61072 15.397142 0 74.87537 74.29195 1.3539997 75.66758 97.24556 8.014309 2.4961045 2.2867126 144.87862 244.32529 25.662313 0.43885443 0.70045584 68.77064 269.3064 49.918007 0.26531994 6.2971063 127.393005 88.481865 71.02553 0 1.4885705 50.555187 0.6971517 1.2448062 49.194798 115.02556 20.048294 0.40887073 60.590057 76.37536 7.923296 1.8955797 331.12717 31.52247 50.856762 32.505028 0 77.86946 8.319525 6.672748 0 2.4549675 7.8228207 47.63558 5.392793 13.96855 62.223305 0 58.758205 0.9573522 21.067015 0 91.95562 50.558975
"20170700_S25_36" 0.27480036 1.5370641 2.7653975 0.92509854 10.094126 3.1305795 0 0 0.47212556 2.270816 9.423493 1.6320628 0 3.078674 3.0174012 0.10107724 0.59391165 1.935848 66.79918 1.9597691 0.09337495 0.3054748 0.20044543 6.5413675 0.3860013 0.9473224 0.5723068 1.6857349 13.038473 0.40296188 0.2264754 4.385154 11.33621 10.094796 0.106474526 0.7341319 20.99748 0 0.66905165 2.1840992 0.22408196 1.7330754 0.266198 0.566763 17.918303 0.3781185 0.2197732 0.8449203 9.9310255 22.475208 4.7654524 0.12540635 0.48835668 9.182404 11.171342 0.05766351 4.1278105 17.636251 4.635299 2.2997336 7.5620704 12.614625 0 0.786697 4.1580095 18.049414 0.54051954 1.0321164 4.184082
"20170700_S33_33" 0 0 0 2.4476202 2.850482 0 0 0 0.6767009 0.6621782 0.32272947 0.8474075 0 0.35580072 0.31464505 0 0 0 1.3596535 0.26362553 0 4.295995 6.029559 1.1124275 0 0 0.19416197 0 0 0 0 2.3056238 2.7482872 1.9757109 0 0 0.7208573 0 0.14044477 0.68245345 0.31623077 0.37791058 0 1.0294131 2.7715526 0.85842025 0 6.7837477 1.7350506 2.5625126 1.3998948 0 0.056245133 0.16224965 0.17735781 0 0 0 0 0 4.3714933 4.3454666 0 0 0.15048122 0.43633986 0 4.9009633 3.9403203
"PLTW01" 0 2.9145148 2.6202192 5.841962 2.5670953 1.8502885 0.080224395 0 9.050518 0.495465 2.3157253 0.280139 0 0.92472595 0.9966794 0 0.45018175 0.8620057 1.5487254 0.08263967 0.11596032 11.973446 6.362173 0.6575905 0 0 1.0013243 1.5745158 0.5582383 0 0.3973076 4.9734163 1.6874129 0.3893839 0 0 3.8190112 0 0.09189243 2.3718727 1.5621032 0.9379014 0 2.5000565 2.183614 0.6834067 0 4.393241 0.6052336 1.5871419 0.81536895 0 0.9348815 0.31704852 0.115343496 0 0 0.07948581 0.72467417 0.14810225 2.3038273 0.8584776 0 2.7687345 0.9763549 0.43747282 0 3.476502 0.936553
"20110800_S3D_3" 0 1.7646115 8.1654825 0 6.797794 7.600386 0 0 0 0.8120164 3.003457 0.34835994 0 22.21389 23.909119 0 0 1.434656 33.01234 1.553277 0 0 0.45064074 2.8477218 0.29113936 3.5580375 4.454409 17.942938 32.198902 0 0 0.11919187 5.6893406 0.8111611 0 0 20.094229 0 0.37532863 2.8433182 0.061575126 9.784777 0 0 4.260293 0.6538529 0 0 0.64487773 8.188507 2.3096387 0.16930321 0.4662176 77.00591 32.89573 0.32931742 2.5518918 22.009003 24.284084 0.5372342 22.024706 2.6222444 0 0 24.140339 25.839733 0 2.8358364 2.62722
"3300037185_7" 0 0 0 0.25550327 0.060216468 0 0 0 0 0.087962694 0 0 0 0.09218651 0.06978652 0 0 0 0 0 0 0.057722334 0.1448646 0 0 0 0 0 0 0 0 0.061315134 0 0 0 0 0 0 0 0 0.3010807 0 0 0 0 0 0 0.064414896 0 0 0 0 0 0 0 0 0 0 0 0 0.27820915 0 0 0.06359318 0 0 0 0.19942307 0
"20170700_S25_23" 0 0 0 0 0 0 0 0 0.085344546 0 0 0 0 0 0 0 0 0 0 0 0.10960837 0.41918638 0.071911186 0 0 0 1.0162115 0 0 0 0 0 0 0 0 0 0 0 0 0 0 0.71342 0 0 0 0 0 0 0 0.14827718 0.429502 0 0 0.20649643 0.7366478 0 0 0.35485348 1.5117719 0.97639984 0 0.087815285 0 0 3.295428 6.282472 0 0 0.544215
"20140700_S36_11" 0 0 0 0.61553067 1.3836434 2.388471 0 0 0.5480437 3.889541 1.105018 11.163888 0 17.028147 14.172921 0 0 2.4917996 0.97370785 1.9681519 0 3.2587557 7.067405 2.1866593 0 0 0.40825176 1.4642141 2.6997418 0 0 0.82553285 3.8275943 9.464542 0 0 4.116887 0.09833441 0.092973426 6.7882032 12.359153 11.89227 0 0.86216724 3.1252928 11.102191 0 5.445595 1.6926851 4.0937138 7.0469065 0 0.0623637 1.212283 8.521417 0 0 0 0.23490852 0.44933426 8.212963 2.0537984 0 0.22257274 5.755684 8.020151 0 5.4967217 1.9382648
"20120700_S1D_73" 0 0.29759333 0.426898 0.9691474 1.2593707 0.93598807 0 0 2.3106625 0.5531488 0.9734505 0.45160177 0 0.42858034 0.42493656 0 0.7603289 0.32641786 0.42287573 0 0 1.3849018 1.2174627 0.42008603 0 0 0.35396302 0.2722454 0.308815 0 0.36991346 1.523675 0.6878324 0.6124027 0 0 1.2846445 0 0.0762307 0.9387855 0.47115433 0.35102427 0 0.37946314 0.3996455 0.2340403 0.21045914 0.7129486 0.4723858 0.97863734 0.4858179 0 0.83622074 0.867928 1.0494245 0 0.15780531 0.25181895 0.87407345 0.4175792 1.0310174 0.6925741 0 2.284484 1.5785062 0.9285865 0 0.58265024 0.9090285
"20120700_S1D_103" 0 0 0.9696536 1.5393411 1.162233 1.5553348 0 0 1.0356958 0.23925358 0.55359125 0.6728424 0 1.0087827 0.90377533 0 0 0.79590464 1.222693 0 0 1.3470864 1.4835734 0.3385356 0 0 0.31012633 1.1726148 0.52411985 0 0 2.1173222 1.2201735 0.41275427 0 0 1.2450657 0 0 0 0.37803665 0.67329866 0 0.5607169 1.094256 0.26424178 0 1.6863204 0.39841524 1.3515717 0.5937679 0 0.27799782 1.1166695 0.26613966 0 0 0 0 0 0.8167296 0.121454306 0 0.55307966 1.3490372 0.66644627 0 0.8180851 0.20721251
"20120700_S1D_30" 0 0.09229573 0.71322584 0.92919654 0.12931499 1.6727014 0 0 2.1658924 0 0.91276175 0 0 0.91256756 0.86093634 0 0 0 0 0 0 1.3550577 0.33868015 0 0 0 1.0069902 0.16974029 0.22502758 0 0.124018475 0.58885545 0.06697392 0.14322326 0 0 0.30179477 0 0.82917076 1.9891659 0.91799706 0.3490551 0 0 0.31673145 0.059836637 0.076829046 0.19088745 0.14190277 0.27973673 0 0 0 0 0 0 0 0 0 0.85391176 0.45687276 0.7252242 0 0 0 0 0 0.26834702 0.2920143
"20160700_E23_26" 0 0 0 0.51897234 0.089991204 0 0 0 0.5466625 0.27323657 0.65979594 0.10668322 0 0 0 0 0 0 0.096492134 0 0 0.8475903 0.91595167 0.21190551 0 0 0 0 0 0 0 0.2159841 0.13332364 0.07050146 0 0 0.6895327 0 0 0 0 0 0 0 0 0 0 0.40917116 0 0.08486956 0 0 0 0 0 0 0 0 0 0 0 0 0 0 0 0.1020037 0 0 0
"PLXS01" 0 0 0 0.8635313 2.2352617 0 0 0 0 2.2486672 0.35161826 3.396909 0 0.43761846 0.39295 0 0 0 3.1272974 1.9158113 0 0 0.4783481 4.2159395 0 0 0 0.2708009 0.69977975 0 0 0.11835413 2.2739053 5.887089 0 0 1.1959478 0 0 0 0 0.13529752 0 0 0.47428092 3.2593236 0 0 2.8544014 3.3602896 5.0946126 0 0 4.3577676 8.940976 0 0 0.14541258 1.5353255 0 0.2864435 5.026154 0 0 0.34595308 7.2685485 0 0.06734031 3.9271758
"20120700_S1D_89" 0 0 0.24747851 2.2097998 3.365181 0.74753004 0 0 3.0541143 3.3487303 2.209607 1.0511155 0 0.6688189 0.59527916 0 0.23090553 1.4757581 0.51101714 0 0 1.5746192 4.5154123 1.1869992 0 0 0.07067036 0.70187765 0.13161811 0 0.15886186 2.0493317 3.1637352 1.8781729 0 0 4.196583 0 0 0.30969167 0.84771717 2.456923 0 0.33211562 0.47820956 0.5140408 0 1.3877252 0.31501845 0.85313094 0.33893967 0 0.27092448 2.5635948 0.2173381 0 0 0 0.16597115 0 2.410176 2.3762734 0 0.3976367 1.653893 4.944657 0 0.5654099 3.1696527
"20170700_S24_4" 0 0.90542173 2.4921315 2.147029 2.8408701 4.295465 0.09421879 0 5.571827 1.3866003 2.8201973 1.940157 0 9.603318 8.928515 0 4.310743 3.734415 3.7715435 0.37267834 0.1524906 1.8952293 4.130303 0.6572036 0 0.1651405 2.2764745 2.3621285 3.8089025 0 0.4518993 2.9260063 2.146347 1.7111871 0 0.1717442 10.328121 0 0.113155715 1.1440214 2.7642655 4.0931444 0 0.75667804 2.1448896 0.6867557 1.5745668 2.482627 1.229872 3.1933851 1.8525127 0 10.138638 6.583965 5.2137322 0 4.642683 5.159916 4.9279447 2.2932472 3.3927295 2.1252718 0 16.689978 37.805264 5.3950825 0 1.8525711 2.1269684
"20110800_S3D_14" 0 0 0.7689034 1.5881892 2.0339556 0 0 0 0 0.913474 0.3562564 0.21053678 0 1.0978281 0.9900261 0 0 0 4.8383126 0.40918034 0 0 2.1563118 0.6420696 0 0 0.633893 4.8894386 3.490405 0 0 0 3.5714133 0.63198036 0 0 6.446879 0 0 0 0 0.869809 0 0.122245334 1.444769 0.87097925 0 0.48579156 0.60906976 3.9222865 3.1538022 0 0 0.30028206 0.68784857 0 0 0 0 0.16978137 3.9905105 1.1032265 0 0 0 0 0 0.3282553 1.7142236
"PLGF01" 0 0.21414691 6.058017 4.8306284 22.39834 4.751121 0.11704459 0.063474976 3.5568817 36.898487 5.8746877 19.623611 0 4.4813666 4.1975102 0 0.199307 11.232872 26.476093 9.021839 0.14601156 11.470467 15.015309 25.745598 0 0 4.6866183 4.9823675 6.6694474 0 0.078593075 11.867169 29.625795 20.504288 0 0 24.957233 0.0805227 0.101719856 3.2900903 3.737521 19.662018 0 7.6680555 16.763308 17.505735 0 13.149776 14.285362 54.256332 33.438526 0 3.7961802 86.315 34.135777 0 0 0.4266153 2.412674 0.6604583 23.428955 18.979692 0 2.9887462 2.4610662 20.56148 0 10.86869 15.253599
"20170700_S25_32" 0 1.4820722 2.5540066 1.041048 1.3171123 3.790207 0.077004656 0 3.845876 0.5170463 1.7616911 3.1372147 0 2.632709 2.4091246 0 4.475142 2.122832 1.5381266 0.1345266 0.08725063 1.4840729 2.3681905 0.54976434 0 0.12506768 1.237189 1.9128865 3.1190603 0 0.36332095 1.2002009 1.2638882 0.7042897 0 0.22864886 5.904254 0 0.45187354 3.665149 1.4957876 1.5700214 0 1.0344042 0.90403366 0.6289928 0 1.2164232 0.32288286 1.792779 0.723275 0 4.393076 4.227952 2.8733826 0 0.4103423 7.322561 5.1546593 0.9489702 1.728549 1.4112875 0 11.731937 17.95615 15.430263 0 1.0614241 0.6811738
"20110700_S2D_14" 0 0 0 3.7834103 23.739252 0 0 0 0.33359948 1.683766 0.792859 5.801364 0 0.1384736 0.119319804 0 0 0 0.84015733 0.07044757 0 0.32276464 2.4501011 5.5545 0 0 0 0 0 0 0 0.13495402 7.114031 1.8637512 0 0 1.6595755 0 0 0.09197846 0.23524892 9.287749 0 0 5.7197323 4.427598 0 0.109514505 5.2742906 5.378389 10.42593 0 0 0 0.24155504 0 0 0 0 0 0.5007173 4.106569 0 0 0 3.0405006 0 0.1324811 4.8469243
"20120700_S1D_61" 0 0.4188364 0.84972 5.419736 6.5450444 2.3774557 0 0 3.21196 2.5878882 5.698871 3.1247187 0 2.6351209 2.4328303 0 0.09689404 1.0065285 5.440909 0.30004522 0 5.909823 3.76123 4.5074015 0 0 1.2500485 1.9732864 3.2236946 0 0.32279098 5.3731427 5.44991 3.939356 0 0 6.847851 0 1.3911018 5.8745947 1.1595584 2.9053724 0 2.390865 6.539892 1.552203 1.0665737 4.7795825 3.3818016 9.159988 5.2711115 0 1.7269951 4.4098773 1.434416 0 0 0 0 1.8421204 9.895087 9.652522 0 0.10170326 0.8002473 1.1145976 0.1041557 5.137614 7.707843
"20120800_E1D_21" 0 0 0.08077636 10.088955 9.410125 2.9892023 0.17015955 0.09741852 6.8419747 6.368434 2.052777 5.4319806 0 5.161444 4.735326 0 0.62470233 1.0054039 3.0053144 0.25055215 0.11281123 10.184163 7.323606 3.0680728 0 0 0 1.2780998 1.9441024 0 0.7110476 5.5916724 3.5491493 5.6336913 0 0 2.6194837 0 0 0.24993604 3.4144096 9.555825 0 1.8454859 6.5991325 2.9199293 0.060925346 6.2072906 3.1272275 7.6252737 6.1785097 0 4.6428666 6.241687 6.286757 0 0 0 0 0 2.523418 2.514868 0 0 2.6423883 3.5743558 0 4.4385905 2.3963006
"20120700_S2X_13" 0 0 0.3143474 1.5596335 1.4005094 0.08156009 0 0 0.103732504 10.7068615 0.38764763 72.816086 0 17.2363 16.11081 0 0 0 1.1585431 3.3323066 0 0.27245542 1.0901444 9.817094 0 0 0.3851795 3.9792619 5.3657284 0 0 0.608954 0.85294443 8.930752 0 0 2.2541287 0 0.0692775 1.5429434 0.25594887 0.5345749 0 0.31074777 0.82000875 5.6462893 0 7.774359 2.4419103 16.195496 6.482175 0 0.24812499 14.679958 21.747423 0 0 2.5044065 34.85353 0.12493758 2.8357673 3.2800217 0 0 4.3872366 36.694202 0 3.6687636 5.408474
"20170700_S24_9" 0 0.084355384 0.55446994 0.93368757 9.89537 6.201922 0 0 1.0604346 2.6720011 0.78764147 4.5589366 0 13.464457 13.074884 0.056533445 0.30295905 3.6480994 10.487567 1.1989655 0 0.4545326 3.341052 2.656791 0 0 0.2833147 3.3369594 12.198049 0 0 0.8179353 4.9859233 6.077401 0 0 13.470856 0 0 0.26486722 5.9112473 3.9901214 0 0.28440228 1.1606971 1.9685067 0 0.26142943 2.5710459 3.2876673 3.0709236 0 6.3776445 38.602844 22.961555 0 0.06923934 4.7033796 3.7497928 1.6839702 2.7913897 2.5095472 0 4.113434 96.70409 7.447972 0 0.78397715 4.0391335
"20120800_E1D_8" 0 0 0 0.33932924 0.6039928 0 0 0 0 0.8120825 0 1.056608 0 1.6331187 1.5410563 0 0 0 0.3226528 0.13236463 0 0 0.40985546 0.4773258 0 0 0 0.60471725 0.8753641 0 0 0 1.3349801 2.2077947 0 0 0.18959525 0 0 0 0.31086406 0.25890657 0 0 0.17140995 0.8773801 0 0.073097125 2.0389438 1.1766673 1.5847325 0 0.6458786 7.4691787 11.529419 0 0 0 0.06455213 0 0 0.5049676 0 0 0 0.11611754 0 0 0.92024076
"20110600_S1D_11" 0.13756272 15.828448 73.894264 61.2623 1.3196108 129.50488 0.7145366 0.32414013 50.09492 1.8710454 74.924194 4.705513 0.18188372 132.01964 123.76597 0.3656413 2.902726 54.707424 19.281195 9.14466 0.8085643 48.76041 7.4516563 2.0166173 0.69258165 5.072614 35.54695 80.509605 54.671555 0.17964423 5.137898 50.889824 0.8910325 2.101904 0 0.36364746 110.27932 1.0490896 3.4733 48.21593 156.40318 14.256943 0.082540475 25.407812 1.9708804 93.29365 0 2.9654565 1.0352175 29.48473 13.242341 0 50.911613 30.8485 42.565617 0 1.4215089 10.196301 4.0888095 13.043135 1.73385 0.68762267 0 107.92091 50.90699 13.950821 1.0882454 63.62697 0.6686016
"20150700_E14_13" 0 0 0 0.28339124 0.1065556 0.3260321 0 0 0.273807 0.20613857 0.097615905 0 0 5.8075337 5.499208 0 0 0.25635204 0 0 0 0.4293905 0.792223 0.084507585 0 0 0 0 0 0 0 0.34854 0.06432761 0 0 0 2.419862 0 0 0 1.5018746 0 0 0 0.07693145 0.4261957 0 0 0 0.19673264 0.12267718 0 0 0.07362681 0.063714996 0 0 0 0 0.059956416 0 0 0 0 0.14241374 0 0 1.8263229 0
"20120700_S1D_85" 0 1.0041038 3.1366239 3.7371175 4.310394 2.24713 0 0 4.2728424 1.6213249 2.2493634 13.3701315 0 2.4796011 2.3493538 0 0.29847664 0.59422773 1.1059549 1.0558184 0 3.353182 3.0219235 1.5971215 0 0 0.84768784 3.6348858 1.8059599 0 0.27316025 4.572773 1.5117022 4.279081 0 0 6.1746764 0 0 1.8362287 5.356194 1.7657856 0 0.9066785 0.6398269 5.7735558 0 1.4247925 1.6318567 3.6885734 5.52071 0 1.8827308 0.89276695 1.387185 0 0 0.7614748 4.9561768 0.2936154 0.79061586 2.581052 0 6.1373534 3.9937713 2.7291985 0 1.0507902 1.2805943
"20170700_S24_16" 0 0 0 0.1585327 2.8088584 0 0 0 0 0 0 0.23952731 0 0.6874337 0.6679963 0 0.36282894 0.22529551 1.4725351 0 0 0 0.81534153 0 0.1097853 0 0 0.20057914 6.1407824 0 0 0 1.6709087 0.8771975 0 0 7.0318227 0.108299725 0 0 0 1.5221797 0 0 0.7910786 0 0 0.64073056 0.30076408 0.2879023 0.49515373 0 0.89273316 19.33323 0.2871266 0 0.73959386 0.99475455 0 0 1.0906277 1.1484997 0 0.27602577 49.10542 2.539605 0 0 2.630198
"20120700_S1D_67" 0 0 0 0.54038167 0.4262221 0.20628045 0.08281777 0.062048305 1.4551867 0.35014498 0.73605686 0.38338125 0 0.38540643 0.3530625 0 0.074750796 0 0.34039405 0 0 1.148436 1.0070422 0.106825545 0 0 0.2957314 0.104905024 0.27317274 0 0 0.8998244 0.43847585 0.30101275 0 0 2.1060526 0 0 0.26152113 0.35545984 0.49746937 0 0 0.13314243 0.07230753 0 0.31056628 0.109562665 0.35809454 0.16122468 0 0 0.66300166 0.48390633 0 0 0.16975029 2.1398053 0.24918397 0.2979197 0.5021968 0 0.5623657 0.5356608 1.5850378 0 0.14667825 0.57018876
"20120800_E1D_7" 0 0 0.07011597 1.2817736 5.6277595 0 0 0 0.6645217 2.4975083 0.14256991 2.3929803 0 0.8118441 0.79822206 0 0 0 0.47331437 0.15462343 0.08044217 0.2614158 1.7282778 5.6179347 0.113042235 0 0 0.61016476 0.52049553 0 0 0.30844775 2.3735077 3.2207122 0 0 1.1720797 0 0.13624963 0.51755375 0.93854195 2.0628428 0 0.10477724 2.4832497 0.7094304 0 1.9666324 0.89618367 0.9831384 0.7504496 0 0 0.7592621 1.2709733 0 0 0.14325102 1.1886755 0 0.31847927 3.8189073 0 0 1.2939786 6.234887 0 0.16447715 2.7056634
"20150700_E14_5" 0 0 0 0.7379312 1.4101355 0 0 0 2.7171364 0.9804135 0.9499886 2.5664356 0 0.76646316 0.7276242 0 0 0 0.46625623 0.12254878 0 1.8607484 1.5232908 0.87334824 0 0 0 0 0 0 0 4.4556146 0.4675979 1.384828 0 0 1.3229734 0 0 0 1.4583434 0.16794325 0 0.08122001 0.9989055 0.6041616 0 0.5983639 0.8005996 2.39876 1.3878487 0 0 0.2766828 0.5785218 0 0 0 0 0 0.101022296 0.25839958 0 0 0 0.8612489 0 0.09856365 0.10014605
"20120700_S1D_107" 0 0 0.083748035 0.2602638 0.27508503 0.37822974 0.07873978 0 3.6657915 0.24752915 0.91301936 0.21648502 0 1.3235499 1.1465672 0 0.47174442 1.5928909 0.3901116 0.07045388 0.32047737 1.668943 1.9370348 0.11589124 0 0 0.79931724 0.48823422 0.16048001 0 0.07082175 1.5079538 0.56519 0.20920947 0 0 0.17937183 0 0.5690834 0.74825716 0.18949479 0.47019097 0 0.06582442 0 0.05805688 0 0.4137255 0.05942157 0.371905 0.30876365 0 0.6860879 0.28556296 0.2535217 0 0 0 0.17809589 3.9270222 3.7907255 0.4148474 0 0.9265527 0.14935444 0.20063321 0 0.42400086 0.10221604
"20150700_S15_12" 0 0 0 0.12795319 0 0 0 0 0 0.8861123 0.237127 8.003403 0 0.5761051 0.38004133 0 0 0 0.20923878 0.3642771 0 0 0.10707934 0.43776667 0 0 0 0 0 0 0 0 0.24330743 0.7117562 0 0 0 0 0 0 0.61383086 0.26541838 0 0 1.0694965 32.84283 0 0 0.369543 1.126229 2.149866 0 0 0 1.5455666 0 0 0 0 0 0.23210964 0 0 0 0 0 0 0.114704154 0.39484164
"20120700_S1D_33" 0 0.5929137 0.43951342 1.489422 0.48455197 0.32056344 0 0 1.7108727 0.112944946 0.6613605 0.2666033 0 0.14198533 0.123872116 0 0.3844485 0.35671774 0.21780263 0 0 0.67353576 0.6000581 0.14943297 0 0.08229691 0.41235155 0.39617845 0.18275234 0 0.18200941 0.82935697 0.36275557 0.24300902 0 0.14953898 0.54988337 0 0.072632894 0.34563944 0.13866845 0.2878346 0.0741362 0.22803417 0.32954094 0 0.5180651 0.4170346 0.08890317 0.20590949 0.16430627 0 1.3927168 0.85644084 0.7653174 0 0.81315964 0.27783325 0.46589106 0.25650266 0.7031108 0.48389864 0 1.243631 0.5024163 0.83454424 0 0.61854297 0.5187899
"20110800_S1D_14" 0 0.14866123 0.4120008 30.817797 40.947773 2.360141 0.06952705 0 4.4886107 33.105507 7.448131 46.68475 0 6.9952602 6.604166 0 0.11691251 1.3579113 18.23653 6.0000663 0.17275575 5.703071 19.773872 26.813944 0 0.06522366 0.5690154 4.7435093 3.1031358 0.16753837 0.21136679 5.545021 21.779287 51.13827 0 0.27150598 27.599268 0 1.2920793 8.54724 1.3165201 8.991286 0.1096054 0.22944559 20.362127 26.723476 0.31046835 19.055235 22.529703 35.946922 31.525608 0 4.309447 18.271183 37.843494 0 0 0.30487916 1.8680817 4.776917 9.405108 32.081234 0 1.7152452 8.761676 19.134066 0.18976074 12.550173 39.721203
"20110800_S3D_28" 0 2.354372 3.7762628 7.732744 7.341382 5.6693134 0.074191995 0 10.647195 1.9196353 6.596593 4.5782356 0 6.1415076 5.8959775 0 9.087941 4.7748523 8.902772 1.5738447 0.16916846 14.719449 7.40593 8.745789 0 0.42930606 4.4746275 3.8779523 6.1405563 0 0.9153137 9.888246 8.410773 8.18229 0 1.8631142 22.241825 0 2.1788847 8.821265 8.370648 12.004858 0 3.1491208 10.632623 5.2134204 1.1521882 6.7263126 6.924943 7.977385 15.584617 0 6.880983 8.750514 8.010498 0 4.3565774 17.469215 11.816098 2.2966254 4.2174096 6.1072965 0 10.4992695 27.206367 13.275417 0 3.199061 7.319097
"20170700_S34_29" 0 0 0 8.015893 7.7388396 2.0843575 0 0 2.2565463 0.94509906 5.964041 0.09865641 0 2.4930694 2.3854618 0 0 0.6935856 3.1609535 0.11072922 0 5.1962175 4.9790244 2.130564 0 0 0.1413926 0.93156445 3.7297416 0 0 2.5832152 4.658022 1.5406228 0 0.20475481 3.9162822 0 0 0 0 2.3811426 0 3.437348 9.22384 0.9438447 0.18705334 11.09899 3.0616574 4.546186 3.6429036 0 1.5452057 4.356926 2.757552 0 3.1305363 1.4037782 1.5753912 1.0754468 10.749398 5.2636495 0 3.0301359 6.5377445 2.4658062 0 5.2220902 5.9590416
"Bog.None.R2.T0.JGI.BFC.metaspades_bin.84_100.00_0.00" 0.23714522 43.17169 85.198494 63.82349 55.321674 112.24829 0.93234813 0.45565692 59.465027 36.898926 67.85896 39.226498 0.12641537 288.4948 271.45972 0.29728737 15.812318 83.46605 73.96266 9.223439 1.5495199 62.81483 49.74853 36.833927 1.01527 21.767923 40.144688 78.576744 88.11553 0.490754 17.916481 86.86121 50.92261 32.451694 0.4697125 9.453421 57.55412 0.59706885 72.45805 76.72397 55.498745 54.16606 0.23060179 48.123466 49.051907 202.53209 47.429485 44.032784 27.786795 71.45608 118.35984 0.14181353 112.18917 117.40672 183.4425 0.37280312 35.246548 25.30883 8.228584 110.41681 97.69187 30.124035 0 63.938717 123.26393 41.149704 3.0063777 77.82028 38.402084
"20120700_S1D_60" 0 11.136361 9.862023 6.2574778 2.4064202 5.374584 0 0 7.306393 0.89014095 4.6433635 1.1871685 0 3.0118487 2.852865 0 9.569555 9.711314 2.3213403 0.5228758 0 2.7439957 2.6361525 1.1815237 0 1.2873987 3.47134 5.475568 2.5619538 0 2.1717994 5.147724 1.3846786 1.3057437 0 5.660471 5.6424055 0 1.6722256 3.1989954 2.1274018 2.1198597 0 5.63546 2.650327 1.3200184 1.5260601 6.0927935 1.428974 3.1183648 2.3227894 0 5.0774007 5.023731 4.437514 0 8.308685 4.1405306 4.1383133 2.5163455 2.5871196 2.1108198 0 5.8714466 4.5581303 3.9984777 0 5.066067 2.2035458
"20170700_S25_8" 0 0.74511707 7.021534 2.5635185 7.704445 0.20000635 0 0 2.48644 4.3101616 1.69518 8.240292 0 2.1493092 2.0447369 0 0.31594232 0.45832223 2.0861328 0.18167685 0 1.5313895 1.8608044 6.5843506 0 0.07440416 1.4988856 4.324589 1.3752595 0 0.16627917 0.84406227 1.938623 5.9240046 0 0.10418824 6.2059608 0 0 0.08691537 2.2016795 5.0832043 0 0.7292502 2.2077177 1.7552837 0.18584797 2.8017821 3.1617792 2.8407118 8.031922 0 2.4393258 1.3022887 1.429253 0 5.8381295 3.6497073 4.168625 0 0.3122072 6.677828 0 5.624473 3.1643353 7.2660446 0 0.32142812 4.084951
"20170700_S25_3" 0 0 0.46837962 0 1.1585041 1.4568733 0 0 0 0.5158843 0.14774324 0.05912642 0 7.4924407 6.9452515 0 0 0.50293255 3.1019552 0.24982795 0 0 0 1.2002242 0 0 0 1.4951638 6.112058 0 0 0 0.94158715 0.6973451 0 0 0.62425685 0 0 0 0 0.16250493 0 0 0.20974725 0.9035073 0 0 0.7755494 2.4496918 1.1152744 0 0.47446477 40.581665 18.223104 0 1.062221 9.784448 19.724384 0 0.53035617 1.8719907 0 0.19298854 7.017039 13.6455965 0 0 1.31984
"20120500_P32_6" 0 0 0 0 3.9804761 1.9814912 0 0 0 0 1.1222953 0 0 0 0 0 0 0.8681922 3.244041 0 0 0 0.10492505 0.2173351 0 0 0 0.121240556 8.392081 0 0 0 1.0214168 0 0 0 0.24663848 0 0.059330568 0 0 0.073174946 0 0 0.1342818 0 0 0 0.16044381 0 0 0 0.2297472 5.263633 0.18579984 0 1.6020281 0.4342181 0 1.1827079 8.408658 0.2903488 0 0 5.8247066 0 0.12175921 0.5752202 1.0115389
"20120600_S2D_6" 0 4.6644244 1.6814871 23.29234 7.8591313 5.7628274 1.714746 1.8072289 21.051985 5.183314 7.2827797 6.7996435 0 2.150191 2.0353062 0.23789664 5.1225486 2.1781769 5.0346947 0.56886107 2.9767494 21.60973 26.82268 4.972605 0 0.35035273 1.5620581 1.964765 1.1178216 0.11616085 1.823936 18.985943 8.047148 9.060719 0 0.23325847 7.0642934 0 0.07896704 1.5804832 4.3540673 1.4492675 0 6.9303627 5.4266505 2.7515614 1.3568717 22.007214 3.1593225 6.0666523 2.4441454 0 1.9530629 1.2680339 0.5437549 0 0.2046266 0.15055877 1.1200528 0.10784587 1.9902048 6.3976746 0 8.182638 0.34776962 0.7113759 0 6.217085 5.148533
"20170700_S25_9" 0 0.2549884 0.17290345 11.769983 41.79296 3.8786418 0.09404871 0.160175 2.3008685 18.300316 28.637287 42.759144 0 3.8155706 3.6723118 0.11859442 1.085537 2.4048035 21.592552 7.696152 0.36600193 1.0004036 20.762894 51.77692 0 0.07199185 0.14270507 0.39812207 3.8456078 0 0.22436541 3.227319 52.030403 50.88623 0 0.10488113 54.013954 0 0 0.5316565 0.9113114 12.243537 0 0.08550512 28.787472 19.307722 0 10.676142 34.96198 44.210995 58.80054 0 4.3395314 4.096695 10.354932 0 0.7400556 20.073355 40.131332 0.08368476 2.5872502 46.61516 0 16.43312 5.2454114 23.867388 0 0.6671735 53.489857
"20120800_E1D_14" 1.8844062 151.02579 200.01889 68.91297 27.059752 109.55818 3.9698567 2.860258 248.20378 18.913113 134.29988 88.205986 0.3993434 111.03681 100.81434 2.1659074 80.41846 218.8959 78.942726 33.08683 9.40115 150.87384 92.29195 35.37171 1.075749 20.060383 200.03221 150.15717 176.21152 1.8591142 30.093653 169.61185 41.27308 45.93813 4.18888 21.322065 216.31563 1.2798305 7.6257086 117.41976 155.9504 202.55853 0.44883737 77.01294 86.870964 37.451393 62.327236 126.42841 33.085342 109.28659 143.48012 0.7197096 386.41733 225.17542 134.93019 0.60088813 99.30464 374.5717 124.56136 52.58511 78.044815 37.792053 0.2918128 367.3994 330.89322 173.58464 0.8754208 67.32612 19.634668
"20170700_S34_24" 0 1.4448189 2.6407633 10.353341 13.203431 3.7161496 0.28986534 0.20685844 26.311365 8.874883 15.932973 14.752617 0 2.5275822 2.319584 0 2.6395552 4.3367352 3.1367683 1.3149546 0.4882006 24.97947 15.392052 9.776281 0 1.2133546 5.5636806 4.8739276 5.1207433 0 0.35909075 16.618187 13.731909 15.369716 0 0.55232656 18.615316 0.0598986 1.6912066 16.546179 6.5947413 9.185939 0 6.3643613 9.90467 2.7657437 0.91749275 21.41189 6.0281863 24.466646 12.618289 0 2.249278 6.02981 4.917812 0 0.98132676 2.7820742 21.807611 2.521297 10.203999 10.305181 0 30.219461 8.6172495 18.188454 2.0492637 7.5757136 22.189568
"20170700_S34_23" 0 0 0 0.45389566 1.5492401 0.061845716 0 0 0.22344987 3.4877415 0.26744434 1.6375468 0 0.12305458 0.10029396 0 0 0 0.45690715 0.7982198 0 0.20448071 0.5387607 4.2783246 0 0 0.07082308 0.11267981 0 0 0 0.19672395 1.5489264 3.1306744 0 0 0.8456025 0 0 0 0.08103049 0.2516414 0 0 0.56673235 1.4095912 0 0.29180261 0.7581057 0.6503738 4.826555 0 0.07763251 0.109383434 0.7503112 0 0 0.36539653 2.5249116 0 0 1.6508716 0 0.4879218 0.16595781 1.0923005 0 0 23.540348
"Bog.Labelled.R1.T1.F1.JGI.BFC.metaspades_bin.151_96.12_0.92" 0 0.06183722 0 0 0.12823987 0 0 0 0.2693016 0 0.20728709 0.4567676 0 0 0 0 0.06755418 0.0919937 0 0 0 0.5165124 0.13218597 0.068984814 0 0 3.5821066 0.27011698 0.44535384 0 0 0.06574819 0.13074772 0.078433126 0 0 0.6139855 0 0 0.17109358 0.31671166 0.4702009 0 0 0 0 0 0.9780066 0.12536867 0.11070952 0.49982023 0 0.13330823 5.4028563 0.0734423 0 0 0 0.30995348 0.95627624 0 0.07393059 0 1.7250947 1.2469894 1.5667261 0 0 0.0639229
"20120600_E1D_19" 0 0 0.08609291 0.44933212 0.36223662 0.48281482 0 0 1.2819306 0.9198322 0.64536095 0.75674033 0 0.5254085 0.4622999 0 0.28614596 0.41548407 0.28415433 0.1328535 0.06471459 1.2169174 1.0211744 0.6973033 0 0 0.24710856 0.13975182 0.15226485 0 0 0.526159 0.6310956 0.7491582 0 0 0.51540387 0 0.056904726 0.3089669 1.1280915 0.5101875 0 0.11287645 0.15319903 0.84868765 0 0.67475903 0.1731542 0.86020166 0.6711121 0 0.25916564 0.33021525 0.25412259 0 0 0 0.12830098 0.13378689 0.3527941 0.23535244 0 0.24077871 0 0.12189957 0 0.5550467 0.23462735
"20120600_S1D_7" 0.08598619 14.262393 14.621329 3.5842216 6.6001787 18.29625 1.0644561 4.5267897 30.020452 4.1359034 31.459501 13.369714 0 44.574093 40.98703 2.0923834 17.17327 91.045815 14.908121 10.17629 17.875547 19.361536 14.022715 2.9907207 0.14757137 2.0172017 42.37735 24.265915 22.69931 3.891035 1.2335086 19.253489 9.073356 7.609978 0.19748546 1.5102617 21.509655 0.35409003 2.8707628 11.081985 13.752082 15.759648 0 3.903668 4.037382 7.284805 3.1434681 10.109048 2.642447 12.091411 13.528506 0 7.223866 31.893387 40.411503 0.46606088 6.7532587 18.989923 27.615679 21.05446 16.267565 8.786506 0 65.07012 38.630127 32.942856 1.0140946 6.075965 4.386155
"PLCS01" 0 0.1518766 0.23756678 0.86541444 0.7881635 1.1490251 0 0 2.3401682 1.9265712 1.3722636 1.6476744 0 1.2421468 1.1233772 0 0.63445336 1.3275436 0.87030065 0.39024812 0.18153687 2.331003 2.2007067 1.4195633 0 0.075963415 0.6136511 0.43991044 0.6282762 0 0.07556161 1.1483169 1.5277702 1.9088099 0 0 1.3355162 0 0.23277394 0.7616381 2.0659912 1.4100225 0 0.28618538 0.39708862 1.6487817 0.0620008 1.5329239 0.45262757 1.8509318 1.5021607 0 0.54719126 1.1296554 0.8395397 0 0 0.10398289 0.48140946 0.415227 1.3258137 0.5673073 0 0.53717333 0.18688811 0.33663833 0 1.1373618 0.4920939
"20110700_P2D_11" 0 0.18522465 0.4962388 2.2329235 4.25533 10.087372 0.07755581 0.073984064 4.4570265 7.9797463 9.12311 10.12643 0 11.4229 10.338918 0.0687221 1.9121836 17.230736 11.350911 4.3809032 0.49882093 8.688566 18.386978 5.6771107 0.12769404 1.9116739 4.828306 5.1531663 9.86549 0.06529634 0.4593868 6.21245 12.235748 9.886122 0 0 13.564726 0.07100594 3.8916082 6.227245 2.7058947 18.494335 0 1.0601536 2.055406 7.9315534 0.8472038 10.039045 3.6911218 11.943443 10.2440815 0 1.6031253 16.716047 10.04835 0.41660234 0.3123065 0.8883616 6.3549223 5.1322722 26.858656 3.4966414 0 0.96280104 1.0961509 2.003947 0.19204831 7.1130433 2.3341548
"20170700_E15_6" 0 0.58125395 0.105502 0 0 0.06637642 0 0 0.25886765 0 0 0.3584224 0 1.1575284 1.0321114 0 1.4605391 6.2519975 0.4730233 0.17505908 0 0 0.39806437 0 0 0 0.16436091 2.0106761 2.1267157 0 0 0.122301705 0.08021573 0.26275152 0 0 0.669356 0 0 0 2.607556 1.9439523 0 0 0 0 0 0.54212487 0 0.42014223 0.76957154 0 3.7161276 4.632391 6.529391 0 0 1.2149762 2.6816676 0.6077799 0 0.07596655 0 11.986516 13.857738 8.512687 0 0 0
"20150700_S15_15" 0 0 0 14.800749 6.4335604 1.6821162 0 0 2.6656337 6.616839 5.6585326 15.54046 0 0.32907134 0.29449117 0 0 0 0.9738459 2.1729124 0 3.8448756 4.624663 4.5972495 0 0 0 0.12407967 0.07625657 0 0 1.8855367 2.0084848 6.9049053 0 0 10.491347 0 0 0 0.25553104 0.27266032 0 0.47795382 4.85776 44.904305 0 6.074359 3.6729436 18.514423 16.268406 0 0.060526803 0.07053514 1.7345253 0 0 0.13076967 3.7597966 0 0.28040496 3.2631087 0 0.13727205 0.114191435 2.0715356 0 0.37848338 5.5510116
"20130700_S2D_2" 0 0.086911134 9.565511 2.810826 3.3027918 0 0 0 2.7359262 9.7844925 5.597832 0.5791117 0 3.4576607 3.0978267 0 0 1.2996006 2.8287487 0.056512907 0.5259778 16.513493 18.649258 4.962407 0 0 1.2637177 0.104768686 0 0.08195719 0.49172753 6.2467895 8.376459 4.5702753 0 0 0.15811472 0 1.4493701 10.173883 1.2402316 7.6686254 0.0939819 6.8288527 4.914138 2.1630523 4.1128078 10.331893 0.76738244 7.997664 10.754952 0 0 0 0 0 0 0 0 0.5814624 9.059669 1.2459984 0 0 0 0 0 5.079967 1.6233766
"20110700_S3M_11" 0 3.9825401 11.352301 34.825825 34.49836 30.503468 0.29747108 0.16689241 11.925594 15.113759 24.240026 23.315062 0 31.978275 29.26268 0.31532052 2.930216 22.842346 44.02937 5.823474 0.47234675 13.680789 18.886889 15.561815 0.17140827 1.6563612 12.017792 43.84973 56.503025 0.11602502 3.2936618 33.06558 25.616234 27.688324 0 3.0109272 64.514 0.19180918 1.1865839 10.462791 24.470266 48.301075 0.10550678 13.934085 36.560642 20.517488 4.393763 35.595455 19.939068 36.450726 37.047005 0 21.935474 41.83322 41.55285 0.13487796 30.275991 53.07393 48.660366 2.298567 26.565306 30.074392 0 42.938587 108.63808 47.56678 0.14372888 17.800781 24.97357
"20150700_E15_20" 0 0.43468496 0.6216173 0.5562125 0.100661255 0.11503785 0 0.14527085 0.96993834 0.09280167 0.42589092 0.08245784 0 2.308732 2.0664015 0.12021378 1.2149172 3.1653116 0.11850319 0.07224296 0.057819705 0.7246208 3.1315324 0 0 0.056745537 2.8210864 2.4627824 0.35184228 0.24948776 0.27670696 1.4862682 0.12587662 0.060088955 0 0.11142075 0.25504223 0 0.062242057 0.24759102 1.534288 0.86760134 0 0.38044372 0.33245033 0.05898669 0.8008823 3.1809306 0.11105952 1.3065588 1.0411874 0 1.3311439 0.05801763 0.24386129 0 0.12657098 0 0 1.6481293 1.1398538 0.1499694 0 0.11187807 0 0.087778516 0 1.7813132 0.15454201
"20110800_S2M_3" 0.753472 43.215816 148.46555 71.267334 23.271175 59.020256 2.0346282 1.6452826 88.55267 24.561253 36.210175 167.58649 0.26890573 222.65392 202.18639 0.8859999 21.233437 82.605965 23.44076 18.955576 2.600109 59.434967 50.5134 23.981798 0.818856 5.588737 53.33579 92.70866 72.27802 0.44418952 3.943005 53.889923 26.551954 54.32898 0.38289624 4.769017 147.52475 0.9521202 2.6021938 25.27909 155.50194 85.579315 0.06946058 24.227762 23.692219 97.038025 2.1533217 63.505653 23.421587 79.719864 61.17917 0 155.01683 43.72849 63.434025 0.12246534 33.833847 58.63265 135.14279 4.761914 17.254465 21.854458 0.05911005 215.75319 120.501854 106.44788 0.47095963 27.257858 18.815838
"20170700_S25_7" 0 1.325593 5.448577 0.18581441 0.1161812 1.2991842 0 0.34269798 1.1127988 0.082926534 0.91214013 3.729357 0 5.5962453 4.9064093 0.1757375 1.3033848 1.2818725 4.394739 2.077173 0.13116685 0.5090004 0.8936311 0.11758753 0 0 1.2699331 3.4208417 3.7657344 0.17221665 0 1.4854412 0.20612256 0.23227668 0.0953868 0.086778335 14.183763 0 0.11891848 0.24656256 3.6741705 6.644736 0 0.35384735 0.2679412 1.9758245 0 0.5206823 0.08510284 3.9080997 4.5789375 0 1.7710044 5.5397677 10.148029 0 0.3793305 22.744246 26.880503 0.56258035 0.60195434 0.3993711 0 5.5189805 12.711812 12.981771 0 0.33878794 0.06118132
"20120800_E1D_18" 0 8.218595 10.333475 7.177762 0.927361 1.7774856 0.14232692 0.30501205 7.6848426 0.57542944 1.4537325 1.7693757 0 5.114934 4.6465707 0.15148239 2.7825623 3.3354611 0.40148556 0.20813844 0.41404969 4.5546155 5.163978 0.5669382 0 0.4516412 3.3309708 9.549274 3.610125 0.28088102 0.88002026 4.995681 1.2744519 1.3205824 0 0.95179164 2.7789757 0 0.10628078 1.142978 10.952218 5.125093 0 1.8841825 1.2220403 4.9996033 0.74170667 3.5568697 9.859174 1.5693685 1.958771 0 46.194458 4.8185945 4.5068164 0 20.275158 2.336962 5.23573 0.50724715 0.6889744 0.54399145 0 17.923504 7.787429 10.732452 0 1.866005 0.37699848
"20110600_S1M_11" 0 0.34589678 1.0276554 3.0668652 1.7862556 1.4575971 0 0 1.0011537 1.1569554 4.3807464 1.0741247 0 0.517538 0.4492277 0 0.67402756 12.583936 2.915067 0.3437187 0 3.767428 4.884914 0.90166074 0 0 0.20859757 0.26562142 0 0 0.28890595 7.059437 2.7177424 1.7291176 0 0 1.8943125 0.10687511 10.461946 17.861746 1.7920567 2.5888014 0 6.326314 3.2823439 0.6712916 0.24197963 7.543887 0.6500883 4.3310533 3.7659388 0 0.1974006 0.78591 0.9474114 0 0 0 0.08210994 1.2750069 2.9042115 3.5150847 0 0 0 0.32134625 0.32537085 5.0682907 1.8310229
"20110600_S1D_15" 0 13.512195 9.7118025 9.819234 3.9573438 2.2372525 0.26356497 0.21866573 16.535482 1.2248522 10.571645 4.0701237 0 2.135364 1.9608624 0 4.848018 34.54277 5.829998 0.5332641 0.25668782 5.683101 22.212513 1.6639272 0 0.7646695 5.5869274 11.642331 7.8943143 0.2637027 1.8404264 7.154304 5.488189 1.6583906 0.15023006 1.3696326 14.738027 0 0.6783701 7.3184266 4.750177 8.059118 0 1.172141 2.3082926 0.2291358 6.0404477 7.679204 1.2081646 4.196914 5.0875196 0 2.3235898 3.266275 0.86820537 0.19174728 2.374515 3.507804 0.4363527 11.309682 29.916094 4.8989115 0 3.2341135 1.4139875 3.6825182 0.07922144 14.769861 2.1395016
"20110600_P1M_18" 0 0 0 0.311758 0.51034886 0.3415283 0 0 0 0.179941 0.2633909 0.19866306 0 0.25158525 0.23340361 0 0 0.19208996 0.6503492 0 0 0 0.18552497 0.31942335 0.08853287 0.0817358 0 0.24189857 0.3906845 0.05810427 0 0.11092884 0.65216386 0.32473767 0.3344229 0.13724443 0.8733883 0 0.1126422 0.08029431 0 0.2846688 0 0 0.5761008 0 0 0.4308974 0.19488895 0.4844267 0.23703773 0 0.47250134 0.7487754 0.19398457 0 1.4400975 0.67358285 0.80783635 0.15307614 0.4195261 0.57860506 0.058180157 0 1.0888913 0.81789804 0.20819466 0.06436497 0.33207443
"20170700_S24_10" 0 0 0 1.0988047 65.74192 3.901031 0 0 0.22241801 24.808096 6.1737103 7.450706 0 22.92642 21.182896 0 0 3.251558 26.042501 4.282625 0 0.080730766 22.640722 25.412493 0 0 0.19912928 4.2409544 10.078253 0 0 0.41981757 42.17117 18.98738 0 0 20.861492 0 0.99737835 3.0167387 0.82613665 21.132135 0 0 5.501608 5.4415464 0 2.3002436 17.705816 35.556316 16.710241 0 0.18894346 52.057 11.712944 0 0.2784829 81.71976 10.469318 6.044346 31.376184 17.751621 0 0 134.92197 22.723091 0.19397987 2.7884753 21.587942
"20170700_S25_14" 0 0 0 0.47631368 1.5620685 0 0 0 0 6.268825 0.3351442 20.80028 0 0.34767357 0.31083214 0 0 0.07799853 2.3466725 8.918295 0.12281822 0 0.7282736 7.26781 0 0 0 0.2781821 0.14793691 0 0 0 0.8568856 2.6967456 0 0 4.7661967 0 0 0 0.08836889 0.2252072 0 0 0.6091358 13.554606 0 0.38922608 7.803062 22.985773 44.837036 0 0.13484834 2.28078 13.582093 0 0.08288305 5.594745 47.07731 0 0.22917044 2.1175106 0 0.08570187 2.5895708 33.99356 0 0 0.9762793
"20120600_S1D_1" 0 0 0 0.2907035 0.36410975 0.10430124 0 0 0.59142965 0.10743225 2.8024623 0.1352256 0 0.6083627 0.5644018 0 0.09021469 0.57432467 0.19411603 0 0 0.10774688 0.7168623 0.12876397 0 0 1.328884 0.78009796 0.46165812 0 0 0.570409 0.96274143 0.8213734 0 0 4.827781 0 4.242261 0.85142964 0.30081603 0.99917716 0 0.13697001 0.3029462 0.10102335 0 0.42396954 0.11857146 0.14350171 2.0769753 0 1.1594286 1.9579003 0.25576195 0 0 0.5019369 1.0664148 0.42170063 0.78172773 0.96683824 0 12.155804 0.97587734 0.6328346 0 0 0.16302285
"20120800_S3X_7" 0 0.058741625 2.0951104 16.501982 2.2740793 0.14587916 0 0 0.72324187 9.352324 6.132974 31.432003 0 34.137836 30.990564 0 0 0.70084685 1.1632696 6.277449 0 0.24193336 15.688066 7.800879 0 0 0 37.301952 7.8304977 0 0 1.2794839 3.9696078 11.667455 0 0 39.60696 0.06294238 0.07148628 0.37248415 42.695568 19.710299 0 0 2.342622 6.4019685 0 25.329649 2.4707901 29.458727 15.018536 0 10.618189 2.7244177 35.866024 0 0.6805528 24.124308 236.0448 0 0.15801273 6.047784 0 25.151188 6.654929 79.17533 0 0.0988835 3.8292985
"20110600_S1D_17" 0.121398956 14.518219 42.01062 17.48401 2.46864 70.875534 0.0797512 0 4.6973557 1.5710038 9.062248 1.8964462 0 25.097986 23.607557 0.19962099 3.5894065 62.556427 9.045961 1.9270059 0.593649 3.5664244 15.226525 1.6161293 0.15835978 3.8913276 24.920744 64.77093 36.755203 0 2.3937693 21.464401 2.6546571 1.5706608 0.4577968 8.795503 28.031212 0.1943066 2.3183217 25.079727 51.66521 3.763419 0 8.177634 6.2581506 3.7393444 3.7139723 19.126251 1.1283876 6.7974653 6.526258 0 65.34096 22.399324 32.607674 0.19499424 53.270092 52.240376 78.54949 5.909267 6.6687512 2.6970015 0 50.331764 13.141592 12.853033 0.23636982 10.823892 1.4522996
"20170700_S25_1" 0 0 0 1.764933 7.682818 0.17274456 0 0 0.06543301 3.5830436 1.1498932 26.30821 0 19.633736 18.248684 0 0 0 3.5875347 2.4923415 0 0 3.2882507 12.137893 0 0 0 1.7209599 9.6242075 0 0 0.13196257 6.5816154 18.754766 0 0 4.473176 0 0 0 0 1.932751 0 0 3.5419395 21.84841 0 3.691949 10.494013 14.020929 29.928854 0 0.652351 17.84727 25.558207 0 1.4195405 7.452284 29.77161 0 1.4089464 13.247677 0 0 10.096386 49.136734 0 0.7821193 12.704436
"PLPO01" 0 0.23102655 3.0262613 2.9452739 1.3447046 24.36923 0 0 0.7170555 14.458537 2.68005 40.03831 0 97.00523 89.899445 0.06666507 0.46487072 8.87169 4.891446 7.9406514 0.11906495 0.5642381 0.28687274 4.0626473 0 0.12811555 0.6173165 3.8762016 2.3026884 0 0 2.22106 0.27402815 4.2205205 0 0 2.616113 0.1360273 0.14248002 3.2147992 37.46386 1.0822481 0 2.2486033 0.2972054 232.11615 0 0 0.9774067 10.086546 9.065018 0 6.2126913 12.825969 26.914928 0 0 0.87883204 0.8261731 0.35233894 0.058942065 0.12348802 0 23.236313 5.632806 1.760842 0 9.523378 0.13685063
"20120500_P28_11" 0 2.694641 6.8859344 3.0734668 7.186523 1.0584368 0 0 1.5610255 5.740099 4.1819654 15.78808 0 45.296665 41.694206 0.09477255 1.820287 7.566155 13.084225 5.834658 0.1320766 0.65322816 15.885469 6.2432237 0 0 0.92083544 26.95527 19.972404 0 0.0726293 1.7832655 8.630963 10.21547 0 0 13.935918 0 0.08927984 0.61352205 4.5550785 17.367954 0 0.64853203 2.4792573 8.067883 0 4.9497485 4.7084064 13.398473 11.640657 0 3.297406 21.64655 16.511389 0 0.2236336 9.927031 40.87 0.21444789 4.3789783 8.940303 0 6.871544 23.263655 19.024794 0 0.55647504 4.262243
"20170700_S24_5" 0 3.021541 4.30057 2.9176831 4.5850134 30.718328 0 0.112445116 3.6675699 2.5070498 1.8243396 6.07815 0 54.735855 49.797634 0.2985684 3.4900532 23.810661 6.0028253 4.2602634 0.56448525 1.9532626 1.9484069 2.1941447 0 0.23088108 0.9955116 18.721796 35.15667 0.13071911 0.24388367 1.7404245 2.118593 6.239639 0 0.64101356 13.126102 0.08764132 0.44026867 3.8149524 27.981422 7.291532 0 0.37369776 2.1246505 32.970947 0 0.7625706 2.736409 4.783103 5.3831277 0 67.66627 57.858055 83.54181 0.066366084 6.416597 21.681479 26.36328 0.90083385 0.6341086 0.6874165 0 28.415138 155.46478 23.391928 0 1.2317778 1.4617865
"20110700_S3M_12" 0 1.9826626 2.1811297 4.0430713 4.4737473 6.4200306 0 0 1.7756691 0.9071515 4.8880854 1.8342577 0 5.426096 4.9558587 0 2.1868584 4.5320725 5.3690577 0.39810702 0 2.4262595 1.889076 1.1565514 0.065717444 1.5019974 3.0641556 6.3793945 5.453591 0 0.48274586 3.552692 2.3241751 2.2826018 0 0.18589063 8.952575 0 1.3929758 4.4740286 2.9169288 3.5714915 0 2.054781 2.3458507 1.6810364 0.37476635 1.4224799 1.7001098 4.283261 2.881988 0 8.217075 6.88369 5.0630083 0 6.965274 4.111533 6.1363907 1.667475 4.824549 2.238916 0 8.871463 10.733834 6.459723 0.47926265 2.454346 2.8666737
"20120700_S1D_41" 0 0.47206724 6.2881646 5.683636 1.8860637 0.9617548 0 0 4.547074 1.5118711 2.9371915 3.9732473 0 4.409406 4.040539 0 0.098487064 0.23626459 0.43653154 0.2561806 0 3.7595549 8.829508 1.6791823 0 0 0.6698041 3.9933171 0.84580964 0 0 4.231012 3.7822783 3.8985803 0 0 9.927921 0 0.41127843 2.7291458 10.022312 1.6798234 0 1.201758 4.065718 4.476942 0 5.089834 2.1262047 7.98708 2.5242968 0 4.0070906 2.4453704 1.1961108 0 0.22372168 0.89397025 3.5072398 0.29343498 3.4088976 2.2539997 0 4.882313 1.9789494 1.5663126 0 6.0402136 1.5331639
"20120700_P3D_35" 0 1.0650923 0.25605845 0.9423812 0.96172297 0.12607746 0 0 0.48387578 0.14313143 0.35401204 0.24405286 0 0.111315124 0.08524134 0 0.52295744 0 0.19273655 0 0 0.74708587 0.655422 0.33459917 0 0 0.24612187 0.105825014 0 0 0.1399746 0.8599229 0.4657708 0.27864 0 0 0.13580072 0 0.20450062 1.6479042 0.057394866 0.3269792 0 0.27464455 0.45037615 0.15012549 0.45007342 0.7913393 0.21601291 0.50534356 0.2836586 0 0.18286754 0.31222773 0.10186159 0 0 0 0 0.108195126 0.44463745 0.26299837 0 0.2526002 0.07063597 0.41516787 0 0.54839957 0.6372933
"PLHP01" 0 0 0 0 14.114495 0.104116835 0 0 0 1.0707917 0.08801197 0.060439598 0 0 0 0 0 0 17.080496 0 0 0 0 2.8893046 0 0 0 0.3399843 17.021984 0 0 0 8.515566 2.5224996 0 0 0.23318481 0 0 0 0 0 0 0 2.711873 0 0 0 6.9750524 4.1416974 8.557559 0 0.07822404 0.0852009 0 0 1.0584875 9.652133 1.7898964 0.056415882 4.182165 44.4051 0 0 0 0 0 0.07053265 20.512539
"20170700_S25_26" 0 0 0 16.421114 65.64409 0.18747815 0 0 0.42528874 114.698296 2.150198 66.93357 0 0.73269975 0.65537095 0 0 0 21.330774 13.901682 0.09801021 0.37098742 12.57606 112.444984 0 0 0 0.51737964 0.38699874 0 0 0.47278744 31.713486 134.30844 0 0 26.923708 0 0 0 0 2.8260658 0 0.066009 26.653265 25.555866 0 35.55203 86.61991 100.079544 154.32904 0 0.31641054 32.522343 66.43519 0 0 3.5710366 29.681828 0 4.268122 83.84408 0 0 0.74429923 38.608883 0 0.2925817 99.57339
"20160700_S15_2" 0 0.26569384 0.4555517 41.978706 30.987566 7.4582834 0 0 4.1800175 12.837551 9.454455 13.092369 0 4.5266666 4.125421 0 0.12066839 1.1722552 10.328747 2.5476446 0 4.4336123 14.122874 20.126362 0 0.36695886 1.3301717 3.3600647 8.81352 0 0.18368863 8.678588 23.297913 36.888176 0 0.64568883 16.176262 0 0 0.36576816 0.94836533 10.974507 0 4.5243187 19.94428 4.7548857 0.35522285 27.581825 11.758308 19.172468 22.094524 0 9.335093 64.925865 52.585472 0 2.2041833 9.362307 31.126959 1.7902163 19.44028 20.759703 0 3.5865815 9.207142 25.921274 0 6.234736 32.43515
"20110800_S3D_19" 0 0 0 42.160522 58.18562 0 0 0 2.0252028 0.40903997 15.034077 0.10402162 0 0 0 0 0 0 23.203047 0.08858362 0 3.9984148 8.677627 1.3431654 0 0 0 0 0 0 0 0.572639 17.344173 0.35950208 0 0 1.118369 0 0 0 0 0.9976527 0 0.6265747 27.349966 0.15538092 0.16125147 19.140743 3.6558437 8.670276 7.4696264 0 0 0 0 0 0 0 0 6.9207044 20.072668 6.8625264 0 0 0 0 0 1.016809 25.652248
"20110800_S1M_8" 0 0 0 0 20.440504 2.5278711 0 0 0 0 0.1332533 0 0 0 0 0 0 0.36011913 14.921542 0 0 0 0 0.06402441 0 0 0 0 1.2136284 0 0 0 0.74046934 0 0 0 0 0 0 0 0 0 0 0 1.1338273 0 0 0 1.5324019 0.35414892 0.46572384 0 0 0.5041838 0 0 0.5160533 0.4206431 0 0 0.50235295 1.7436068 0 0 0 0 0 0 4.808751
"20130700_S3Z_1" 0 0 0.1027692 0 12.2260065 2.3108733 0 0 0 0.16884597 0 0 0 4.5691214 4.086764 0 0 0 17.032923 0.30872753 0 0 0 6.665899 0 0.059897233 0 0.22746041 11.060973 0 0 0 6.079034 1.7045625 0 0 0.4303602 0 0 0 0 2.2904358 0.14796287 0 26.723772 1.0181737 0 0 4.227831 21.282467 21.45235 0 0.4390425 20.65907 9.069713 0 2.0075047 12.157116 34.053055 0.16913237 0.16204166 2.668745 0 0.28152364 4.166279 6.6300225 0 0 1.0001733
"20170700_S25_38" 0 0.073621064 1.2142254 4.932132 7.0072136 1.2136419 0 0 1.4507362 4.0402837 2.559297 5.545775 0 2.029962 1.7964363 0 0 0.24074282 4.7272577 0.82913613 0 1.7444121 4.7814384 5.899702 0 0 0.704522 2.3300745 2.8765914 0 0 4.2146487 6.634183 6.05828 0 0 6.0739512 0 0 0.09703969 0.44916528 4.0315213 0 0.45210907 4.959796 3.8758526 0 5.2233377 4.2618213 6.501317 8.432537 0 1.2418283 2.9192722 4.2674875 0 0.08123902 5.5411377 5.746681 0.12331282 2.908458 7.282388 0 1.0846922 4.664561 8.048634 0 1.6471472 6.0749345
"20120700_S1D_13" 0 0.07399703 0.76466835 2.9594843 3.3197682 1.2078462 0 0 1.858675 2.3618236 2.1265197 2.554134 0 3.419476 2.9865391 0 0 0.5335027 1.848275 0.58923566 0 1.939949 3.405639 2.889377 0 0 0.43433163 1.3491007 1.6861771 0 0 1.4174048 2.8173444 3.1253915 0 0 4.1398244 0 0 0 1.1229568 2.1360548 0 0.46529806 1.8303335 2.9193196 0 2.893428 1.8035061 3.4241338 3.068903 0 0.7453944 2.4945364 2.6687024 0 0 1.3445656 2.848875 0 1.0477152 2.6009855 0 1.9976747 6.9764028 3.619103 0 0.7193489 2.7407477
"20120700_S1D_25" 0 3.0771506 2.5035086 5.9528165 6.1399817 3.6762238 0.36462724 1.1135635 7.462947 0.9792355 4.2101455 1.0225892 0.14415455 2.0302346 1.9175717 0.43468106 3.7862482 1.803096 3.592104 0.08730248 2.2474413 5.064956 6.1018543 1.6152984 0.2029487 0.68623614 2.1714406 2.5988262 2.7379072 0.5029496 0.9119769 5.404581 3.8053296 1.273032 0 0 4.819088 0.060212523 3.5516639 7.926292 1.4784049 2.2784896 0.09887952 2.4461184 3.1978493 0.7651965 0.3155801 5.607524 1.1788073 3.3133194 1.3562832 0 9.918376 5.727953 2.1226804 0 0.90814555 2.36648 3.3293796 2.0860484 7.642323 3.263975 0.2572566 10.159819 5.753639 3.472914 1.001299 3.9646459 4.1745563
"PLNV01" 0 0 0 7.170257 24.302845 5.1875615 0.10159519 0 8.304409 6.825667 6.6279693 9.492152 0 10.309977 8.1165695 0 0 1.9259348 18.251087 2.0103917 0.062175147 11.771608 17.105267 16.121336 0 0 0 3.1432602 5.4678836 0 0 5.638211 23.557905 13.922782 0 0 28.70843 0 0 0.8192096 4.7780375 20.731447 0 1.1784564 7.4707236 7.2671137 0 4.4884624 7.026015 29.992807 15.382142 0 6.6261296 16.234526 13.442871 0 0 0.066532746 2.5255194 0.15398857 19.93361 7.322005 0 6.605573 24.195448 36.641987 0 2.2242153 8.665446
"20120700_S1D_97" 0 0 0 4.322427 0.5835301 0.18378463 0 0 2.658765 0.36028758 0.67071533 0.13062169 0 0 0 0 0 0 0.11390504 0 0 2.3140483 2.588055 0.36065105 0 0 0.24231043 0.2277401 0.07011266 0 0 1.2375964 0.5013128 0.2688004 0 0 0.75569755 0 0 0 0 0.30163795 0 1.0482186 5.328138 0.25999507 0 5.092585 0.52925944 2.4782596 1.3732566 0 0.30593932 0 0 0 0 0 0 0 2.3586013 1.7801495 0 0 0 0 0 0.3347947 0.6478546
"20160700_S14_9" 0 0.21849167 0.54031736 1.2359744 10.348054 5.6913376 0 0 0.060656983 8.103025 11.668274 2.560447 0 9.438336 8.914634 0 0.19391418 0.23077247 16.057533 0.42148483 0 0 0 10.249208 0 0.0896655 0.29890874 2.0928025 17.340385 0 0.13961855 2.5652962 7.5086493 8.183398 0 0.87972206 7.7282257 0 0 0.261592 0 2.6226666 0 0.4650315 10.702987 0.4549613 0.059760883 0.12893474 6.247597 6.9060884 7.9190183 0.08819118 6.7201457 52.01057 22.70165 0.08147054 13.599962 8.855904 8.152129 3.789534 6.273237 10.094059 0 0.32946613 3.4351444 4.386925 0.72787327 5.520862 12.109318
"20120700_P3D_87" 0 0 0 0 0.78079283 0.73710257 0 0 0 0.57248217 1.0858716 0.47780538 0 0.13231629 0.118872516 0 0 0.13019985 4.8120985 0.42958894 0 0 0 0.72165823 0 0 0 0 1.4307275 0 0 0 2.0806394 1.448623 0 0 0.9282197 0 0.2636555 0 0 0.38063112 0 0 0.414104 0 0 0 1.0241519 0.6140682 0.42892498 0.6335535 0.2022827 10.413264 5.038266 0.06816124 0.70013446 1.3489918 0.8164246 0.7266874 2.3857312 1.7269013 0.075631924 0 2.0847733 4.111578 0.11373333 0 1.5556569
"20120700_P3D_148" 0 0.2895261 0.15543799 0.7569418 0.84885836 0.11179233 0 0.111869745 0.34814742 1.3547431 0.8339998 0.2514668 0 0.3234561 0.3090663 0.3884676 0.51692295 0 3.1177778 0.10798268 0 0.070267506 0 0.5937769 0.07998366 0.093964696 0.09525697 0 0.13095221 0.119589426 0.22467692 0.84577787 0.24067664 1.829513 0.10709919 0.16774419 0.44013238 0 0.20212393 0.50049317 0 0.1544214 0 0.5270389 1.3595943 0.19454883 0.059214626 0.093855314 0.37507892 4.805481 0.958002 0.19014485 0.11719891 0.5644174 0.9016738 0 0.66313344 0.20741987 2.352463 0.2596777 0.28644413 1.5301678 0.057402447 0.27945235 0 0.93631774 0.78262526 1.155845 1.9591649
"20120700_S1D_106" 0 0 0 1.483103 0.43421707 0.61830854 0.0844417 0 2.0947733 0.3260069 0.80658746 0 0 0 0 0 0 0 0 0 0 2.5809667 2.6645699 0.06315568 0 0 0 0 0 0 0 1.2936971 0 0.06849803 0 0 0.15007536 0 0 0 0 0 0 0.3062757 0.14166026 0 0 2.150709 0 0.816908 0.18182836 0 0 0 0 0 0 0 0 0 0.48210976 0 0 0 0 0 0 0.5776214 0.1835212
"20120700_S1D_52" 0 0 0 33.41647 10.892407 5.570884 1.0219784 0.73779315 30.017826 2.5756304 5.2964487 0.07586114 0 0.90300584 0.843386 0.16068484 4.866488 7.367349 0.9582253 0.15077631 1.2598088 20.423265 7.2803674 0.9193569 0 0 1.9179559 1.2185073 0.10877731 0 1.4621989 15.0009775 1.0262341 0.5940299 0 0.07706425 0.9719214 0 0 0.6354624 2.8872492 1.478867 0 12.213636 2.4662771 0.529546 1.7408235 24.405386 1.0733461 5.1081457 2.2867815 0 18.611937 1.7556851 0.9050272 0 0 0 0 0.37248442 0 1.9997364 0 8.163852 0.066997506 0.18930556 0 0.8286355 1.0675112
"PLTJ01" 0 2.6517866 2.100233 3.1467085 0.6531536 2.3831608 0.10429874 0.14802329 3.6347127 0.75988513 1.0232208 1.3764919 0 6.843631 6.8811655 0.07260365 2.3952131 1.2428249 1.3369797 0.37246644 0.24183834 1.9839482 1.439639 0.19793782 0 0.063334905 0.87171584 1.859551 1.4233332 0 0.16397518 2.9686022 0.41029447 0.88197523 0 0 2.2259727 0 0.3376364 0.9702486 2.4490552 1.0471559 0 0.6393283 0.3552229 5.7003107 0 0.7331448 0.28858176 0.8261738 0.58262557 0 5.790432 2.2755334 2.9866424 0 0.32193953 1.347003 1.9345547 0.5358214 0.6607672 0.6051761 0 7.943056 3.393677 2.5231853 0.06094956 0.93538153 0.40601435
"3300037196_14" 0 0.15377368 0.6610096 0.3005167 0.5779732 0.73909354 0 0 0.47755322 0.121069476 0.15386938 0.13928469 0 0.51840454 0.44437703 0 0 0.523067 1.2346439 0 0 0.21403049 0.2570834 0.3499877 0 0.07339248 0.6514105 1.4719639 1.2722659 0 0 0.56795764 0.49505603 0.2103592 0 0 0.27182224 0 0.073533066 1.5811589 0.39047572 0.24781038 0 0.10733305 0.24388096 0 0 0.08576318 0 0.068623655 0 0 3.2813144 1.1843171 0.63472116 0 0 0.44807786 0.08565272 0 3.9969406 0 0 11.979316 1.3079313 0.20263977 0 1.8205658 0
"3300037175_6" 0 0 0 0.7557021 23.355904 0 0 0 0.062942035 15.324117 0 8.372645 0 1.034114 0.8563021 0 0 0 2.819761 1.8044503 0 0 0.57993394 9.377822 0 0 0 0.058927037 0.101189904 0 0 0.12823902 5.717981 18.914103 0 0 0.58290625 0 0 0.09577082 0.10594652 1.5402727 0 0 0.42783776 7.629019 0 0.094580986 11.987818 8.564673 5.905186 0 0 0.43957466 12.691663 0 0 4.4407997 36.731686 0 0.35370004 16.739576 0 0.4614452 4.68012 3.5558553 0 0.11694684 20.9475
"20170700_S25_25" 0 0 0.29822445 13.313732 6.787616 1.0052041 0 0 1.7379907 1.0528363 1.7389686 1.8833333 0 3.6770585 3.5955865 0 0 0.074765794 5.060785 0.12964202 0 2.994732 8.441231 2.6027713 0 0 0.5943059 0.51292384 0.867423 0 0.111622415 4.3587832 7.224415 4.3601947 0 0 7.0719132 0 0 0.23096575 0 2.0931883 0 2.4153206 10.167803 0.39778423 0 14.476629 4.390941 9.729751 4.9267364 0 0.12326746 1.1572738 1.2441212 0 0.36316067 1.9183887 20.706675 0 4.714384 8.288155 0 0.33737338 1.4226067 10.231939 0 3.3120801 11.348757
"20110800_E2D_15" 0 0 0 0.29405117 0.8333287 0 0 0 0 0.7989108 0.1623498 0.95626694 0 0.95626247 0.92901444 0 0 0 0.33621758 0.14825048 0 0 0.5346333 0.7969376 0 0 0 0.14997827 0.1770144 0 0 0 0.6972699 0.97120255 0 0 0.8360619 0 0 0 0 0.23997991 0 0 0.36544427 0.86199164 0 0.42828855 0.727566 0.8480633 1.3282212 0 0 0.5079116 0.6037112 0 0 0.15802982 1.339923 0 0.19322985 0.6964346 0 0 0.2611777 0.5329819 0 0 0.686571
"PLNE01" 0 0 0.112788394 0.76427954 1.9945905 0.31022578 0 0 0.18423298 2.7227523 0.5781707 4.0393987 0 2.1624918 2.1191597 0 0 0.21710366 0.8602935 0.35280582 0 0.28756866 1.3722843 2.7862222 0 0 0 0.9547214 2.2410388 0 0 0.26908365 1.7438816 3.808859 0 0 3.0951145 0 0 0 0.12070637 0.6987912 0 0.091128334 1.1269152 1.555534 0 1.0158876 3.03281 2.716252 7.954169 0 1.5140516 2.5830612 2.0149014 0 0.151675 0.41396442 1.8746257 0 0.5673292 1.9719367 0 0.08506908 1.1829461 1.0015501 0 0.24033523 2.1874127
"20120500_P26_8" 0 0 0 0.925167 2.8615007 0.17749126 0 0 0.14600159 5.470483 0.8280171 8.621721 0 3.736084 3.7077458 0 0 0.089742385 1.5398405 0.6297707 0 0.23242624 1.6817936 5.35353 0 0 0 0.7734507 0.94266045 0 0 0.25853813 2.5522091 7.53048 0 0 5.830085 0 0 0 0.103180975 1.0810485 0 0 1.9606787 2.978343 0 1.3663898 6.367079 4.9170585 16.81487 0 0.1676821 2.7632465 3.3963537 0 0 0.69096 3.6222575 0 0.6207845 3.592435 0 0.06690655 1.5504954 2.1080794 0 0.23229903 3.815137
"20140700_E22_12" 0 0.09072372 1.0157124 72.13439 102.90491 12.931319 0.4811442 0.30365697 23.351192 58.581043 59.388344 65.18334 0 80.15762 80.941376 0 0.22973174 7.5965185 47.800026 16.875368 0.6889285 49.913788 98.1836 67.96154 0.067367174 0 0.49521837 13.371406 17.391891 0.16309606 0.5797056 42.393486 87.279724 79.76942 0 0 114.52326 0.0841301 0.32862788 3.997108 10.635398 42.538845 0.059757084 20.000076 57.905064 60.82603 0.14006868 96.26244 49.17706 96.57393 68.91945 0 6.0445013 31.701925 31.028181 0 0.92498463 20.819035 111.20068 0.7201578 37.421116 68.343414 0 4.1008363 26.859604 58.9728 0.05901441 27.957373 90.20846
"20130700_C2X_13" 0.14206295 21.565113 26.491104 1.8662301 1.7563168 10.219036 0.08161913 0.21153308 3.149653 1.1055096 1.7284224 1.2554067 0 41.12526 41.271908 0.40092328 15.137886 22.344206 2.0437791 0.6023787 0.41054514 2.602931 2.3507078 1.210216 0.12643878 0.9770139 5.4238195 57.437397 7.6517477 0.38620454 0.6006676 2.997648 1.5354701 1.3865843 0.10837126 1.0005344 4.459625 0.22593634 0.9758495 8.169052 35.08516 10.927443 0 3.045867 1.3359288 1.3747945 0.13223605 1.2916225 0.89569795 2.0716186 2.1899667 0 14.591099 3.9149916 2.1293306 0 5.868843 3.7656107 4.202605 0.4211197 1.2300605 1.1068903 0 18.594715 7.944443 2.917289 0 2.2266614 1.304906
