"genome" "711_S-1-S" "711_S-1-M" "711_S-1-D" "711_S-2-M" "711_S-2-D" "711_S-3-M" "712_S-1-S" "712_S-1-M" "712_S-1-D" "712_S-1-X" "712_S-2-D" "712_S-2-X" "712_S-3-S" "712_S-3-D" "712_S-3-X" "713_S-1-S" "713_S-1-M" "713_S-1-D" "713_S-1-X0" "713_S-1-X1" "713_S-2-S" "713_S-2-M" "713_S-2-D" "713_S-2-X0" "713_S-3-S" "713_S-3-M" "713_S-3-D" "713_S-3-X0" "713_S-3-X1" "714_S1_1-5" "714_S1_5-9" "714_S1_10-14" "714_S1_20-24" "714_S1_30-34" "714_S2_1-5" "714_S2_5-9" "714_S2_20-24" "714_S3_1-5" "714_S3_5-9" "714_S3_10-14" "714_S3_20-24" "714_S3_30-34" "715_S1_1-5" "715_S1_10-14" "715_S1_20-24" "715_S1_30-34" "715_S2_10-14" "715_S2_20-24" "715_S2_30-34" "715_S3_20-24" "715_S3_30-34" "716_S1_1-5" "716_S1_10-14" "716_S1_20-24" "716_S1_30-34" "716_S2_1-5" "716_S2_10-14" "716_S2_20-24" "716_S2_30-34" "716_S3_10-14" "716_S3_20-24" "716_S3_30-34" "717_S2_1-5" "717_S2_10-14" "717_S2_20-24" "717_S2_30-34" "717_S3_1-5" "717_S3_10-14" "717_S3_20-24"
"PLSR01" 0 0.2807888 0.23576489 0.09765799 0 0.097750135 0 0 2.967862 0 0 0 0 0 0 0 0.096530065 0.4066661 0 0 0.15682209 0.19614306 0 0 0 0 0.29629004 0.15546545 0 0.806175 0.25859657 0.3875013 0 0 0 0 0 0 0.90165925 0.76333255 3.2535887 0 0 0 0 0 0 0 0 0 0 0 0 0 0 0 0 0 0 0.48848537 0 0 0 0 0 0 0 0.1308997 0
"PMGM01" 0 2.2928698 1.0505762 3.7666607 0.49814355 0.16279206 0.1640946 0.085352466 10.513262 0.42712882 4.2027674 0.44310486 0 0 0 0 0.08912344 0 0.12801771 0 0.1606184 6.979577 3.703895 0.30727288 0 0 0.13352753 0.073042475 0 0 0.6731343 5.0306625 0.53645265 0.3336878 0 0 0.6628013 0 0.06295155 0.509946 0.58069474 0.29035395 0 1.0960749 0.3607645 0.061217587 0.07001427 1.2731129 0.21958861 1.192386 0.76631033 0 0.2453818 0.06751753 0 0 0 0 0.070473015 0.15562929 0.07246026 0.287071 0 1.0343395 0 0 0 0.58553404 0.120757826
"20160700_E25_7" 0 0.42237172 0.43120658 0.121334046 0 0 0 0 1.3088386 0 0.09243495 0 0 0 0 0 0.12452349 0 0 0 0 1.1164317 0.22327071 0 0 0 0 0 0 0 0 0.40592998 0 0 0 0 0 0 0 0 0 0 0 0.06285364 0 0 0 0.064962424 0 0.11571937 0.11494362 0 0.13316041 0 0 0 0 0 0 0 0 0 0 0.59258 0 0 0 0 0
"PLTK01" 0 3.9746273 2.5384095 0.07860852 0 0.12512094 0.073786095 0.1183087 3.8051245 0 0.38084948 0 0 0.09437903 0 0 0.9354415 0.15669884 0 0 1.1740292 0.87623084 0.11785504 0 0 0.37307024 0.40038612 0.84838945 0 0.16210303 0.5222426 0.91209596 0 0 0 0 0 0 0.14471678 0.81400514 0.12690745 0 0 1.0441355 0 0 0.15655522 0 0 0 0.06574436 0 1.0937352 0 0 0 0 0 0 0.21230443 0 0 0 2.0977774 0 0 0.057795785 0.16713504 0
"3300038457_7" 0 5.331232 0.833453 0.26128128 0 0 0 0 0.1263142 0 1.2562593 0 0 0 0 0 0 0 0 0 0 0 0 0 0 0.13045895 2.991942 0.40169197 0 0.24902284 0.24589929 0.13283978 0 0 0.3368047 2.9616141 0.1396835 0 0.4571004 1.5695417 0.32175842 0 0.07108276 0 0 0 2.1861238 0 0 0 0 0 0 0 0 0 0.9671391 0 0 3.4765232 0 0 0 0 0 0 0.06544921 0.07249947 0
"PMWT01" 0.46573067 10.775061 6.015678 13.545006 3.910791 17.821852 2.5416317 14.835723 26.246534 0.7406444 18.31943 0.72280794 0.40599227 4.1234107 3.9433155 6.9496546 26.127317 14.887362 4.4810047 0.6980517 13.6838045 13.808384 6.759943 0.9174144 6.2621737 12.358419 8.234215 4.7676406 5.9791236 9.623172 6.400448 16.722279 3.1319902 0.8551312 13.29332 12.274042 13.6409645 0.6964941 10.569503 26.464481 6.239097 2.8688748 8.185544 9.546281 6.170588 2.2492976 9.251812 11.410684 0.73467845 5.3409114 4.0447073 1.4476204 14.276361 6.4600897 5.00423 0.33258507 33.787857 5.6511474 6.9676228 9.373568 8.763893 1.4337802 2.2508452 18.15 20.041803 3.5297046 8.07153 7.955707 1.0364203
"20120600_E2D_28" 0 0.0664008 0 1.9951397 0 1.569411 0.08389657 1.2317551 1.6186459 0 3.2501273 0 0.12186214 0 0 0.44182017 1.5293069 0.48547113 0 0 0.9345081 1.6408052 0.3631171 0 3.30803 1.3309 0.09776178 0 0 1.4873357 0.9760929 1.5943203 0 0 1.7619168 2.3247926 0.16236949 0.19868933 15.999863 11.859868 0 0 7.214435 0.9591693 0 0 1.570139 0 0 0.16031714 0.17863207 0.0667611 0.09417312 0.07861339 0 0 0 0 0 2.92341 0.36875367 0 0 0.4065492 0 0 1.4334589 0.8158363 0
"20160700_S13_16" 0 0.96067715 3.0219026 0 0 0.17864263 0.12824516 1.2667645 0.6417355 0 0.2612197 0 0 0.29375598 0.2770503 0.49797 6.1162457 5.8986583 0.06223526 0 1.6211909 0.11344108 0 0 0 0.614226 0.2086759 0.9108143 0.2791261 1.847307 0.2376839 0.14359213 0 0 0.45090297 0.82757777 0 0 0.26077592 1.2187963 0.20518495 0 0.08413695 0 0 0 0.10753256 0 0 0 0 0 25.566458 0.15720713 0.10752385 0 13.626287 0.16130817 0 0.8351233 0 0 0.09576362 2.952429 0.1965623 0.101526156 0 0.056717847 0
"20120700_S1D_66" 0 6.7842574 2.2684782 2.6891315 0 0 0 0 2.9441662 0 0.06120746 0 0 0.1392567 0.12535468 0 0.63479 0 0 0 0.19375637 2.2187924 0.07148972 0 0 0 1.5130806 1.113763 0 0 0.69401586 1.0405387 0 0 0 0 0 0 0 3.804655 9.524991 0 0 0.23286217 0 0 0.48241493 1.5254216 0 0.1981765 0.08821833 0 0.4314871 0 0 0 0 0 0 0 0 0 0 0 0 0 0 1.3618103 0
"20120600_S2M_9" 1.4277574 2.8047836 2.6130583 0.49037138 0 0 0.79295367 5.617237 1.6202847 0.07135573 2.2373266 0 0.49313954 0 0 1.0535039 0.49591362 0 0 0 5.0405397 0.63705915 0.18755803 0 2.5997438 3.3962302 3.3378458 0.18137759 0 5.436505 3.4657652 0.9441046 0.06566318 0 3.5553663 4.2496104 0 0.1719272 2.6028588 7.053898 0 0 4.856682 0.20617183 0 0 7.65058 0 0 0.5065613 0.5146221 1.0084656 0 0 0 0 0 0 0 4.0098825 0 0 0 0 0 0 0.7403362 0.8628934 0
"Bog.Unlabelled.R3.T3.F3.JGI.BFC.metaspades_bin.142_81.20_4.70" 2.2480824 13.163701 3.9993505 0 0 0 0.7384992 1.9470899 2.4304512 0 0.15545009 0 0.05780612 0 0 3.4377527 51.29804 0.22086751 0.35882202 0 5.6621313 0.40627983 0.0862805 0 0 0.1322702 0.3545009 0 0 0.83851206 0.60259444 0.18646736 0 0 0.329306 0.07583278 0 0 0.18567352 0.37924004 0 0 0.29510552 0 0 0 0.2155095 0 0 0.07132937 0 0.2757062 4.7904315 0 0.076323204 0 0.45973957 0 0 0.096068926 0 0 0.2879389 1.1105092 0 0.09187287 0 0 0
"PLRX01" 0.1008128 18.77288 7.7001076 27.010239 0.22889023 0.0716879 0.2535192 0.23231503 16.06952 0.42399085 0.8867736 0 0 0.28536218 0.28871238 0 1.6286573 0.16203973 0 0 0.60105425 18.48263 7.9071503 0.25736675 0 0 0.83453274 17.013945 0.06478171 0 1.7126987 21.67043 0.1957162 0.31852326 0 0 0 0 0 3.0732474 5.701932 0.25913286 0 3.0806592 2.0661113 0.27374044 0.40277013 16.81014 0.1995884 0.9795161 0.7435963 0 0.8395934 0 0 0 0 0 0 0.11607929 0 0 0 3.4456701 0 0.23717591 0 4.9848585 0.16951938
"20170700_S33_13" 0 1.5551435 0.8704899 2.987655 0 10.215128 0 0.16139624 0.40931314 0 24.612244 0.15806812 0.089197315 0 0 0 0.34934446 0.17187925 1.502087 0 0.31914803 0.6010957 0 0 0.6680077 4.0185037 3.3375735 0.7040727 1.5415757 1.0474495 5.0982795 3.1802106 0 0.067851454 1.5026246 11.903017 1.0372494 0.25075108 12.715073 40.876854 0.10414853 0 1.0301646 12.47646 2.2832298 0.098925725 5.820829 0 0 0.9514711 0.8827896 0.5580308 0.26622862 0.09500493 0 0 7.251652 0.36698803 0 13.757778 12.771219 0.2516651 0 0 0 0 1.5725509 19.318483 0
"20120600_S3D_1" 3.3033493 144.96469 328.8746 11.716685 0.05734662 7.9265366 1.4259042 2.9621043 41.832558 1.1614152 60.596786 0.47757712 1.1097696 4.5674405 4.644778 4.310485 26.256588 2.2180192 0.4183442 0.07860772 6.583809 36.761772 2.150785 0.43937805 5.574352 41.842735 95.54874 17.244965 6.116706 8.025515 22.560822 108.363205 0.71695465 0.76070195 2.5054576 13.871284 7.389751 1.4063525 25.308771 195.09793 1.8779175 0.25828525 10.02856 109.92095 31.334827 1.3251922 18.796698 5.034169 0.15600261 5.6435876 6.6970625 1.6183853 35.091785 0.9339309 1.1138846 0 51.563942 2.539284 0 18.911913 5.484493 0.3220236 1.7124481 15.807563 0.085168466 0.8445047 6.513808 43.724545 0
"20130700_S3M_8" 0.9411668 10.597393 0.89385706 0.18573888 0 5.299834 0.07646737 0.34933594 0.762766 0 5.283643 0 0.7670259 0.3405304 0.347395 0 2.9380205 0.20874284 0 0 0.35285324 0.14574842 0 0 5.161354 20.69912 9.056849 0.71881217 6.3029475 0.55708367 2.4628599 3.493663 0 0 0.43209156 13.818946 0.68640053 0.54336673 26.007204 90.35176 0.59730893 0 0.40881202 2.592544 0 0 0.92485 0 0 0.24325092 0.23095809 0.11361129 0.18567829 0 0 0.34197268 33.735313 1.0092597 0 12.391224 2.4418414 0 0.1364678 0 0 0 1.7392302 1.834513 0
"20120600_S3D_7" 14.101837 322.5214 171.67673 7.5122457 0.2015758 57.310043 12.338912 69.07607 95.279144 2.3440154 42.958935 0.8955243 3.768831 2.9260101 2.7810023 108.25033 225.87244 40.977722 4.9238787 1.3653866 86.46951 19.206469 3.6252062 1.0203265 21.561098 45.87957 50.10695 8.807663 1.9113734 83.65665 43.109497 24.092855 1.1825026 1.620073 105.658676 168.25461 7.1954665 3.4332178 78.03819 247.63129 2.4441214 0.23106529 37.968056 20.95074 2.1364055 1.7593368 61.56085 1.8883952 0.4685427 13.540652 10.274773 76.39595 34.02126 2.7389076 2.891659 5.70952 170.58578 10.3109 0.08267728 56.17484 4.3749228 0.32369524 33.78112 14.2494755 0.3407743 2.7337775 6.6125355 10.188387 0
"20120600_S2D_17" 0.09007843 20.528244 7.5204706 79.19865 10.232996 35.94228 1.4730636 0.95921034 76.695816 2.26445 13.646994 0.6425269 0 4.9343305 4.63043 1.6423246 50.445168 76.08003 4.3747916 1.000995 2.0274115 56.891342 29.34777 1.716901 0 0.061136246 14.633166 33.572147 13.635146 0.101660684 5.3788395 55.327446 5.8281765 3.8921087 0 0.3038456 3.934812 0.20855351 0.46532744 5.508983 49.18435 6.7215433 0.061658133 19.639854 11.430497 1.2229712 0.99373496 25.15052 3.006563 7.26056 4.900591 0 156.50938 3.777832 2.5218272 0 8.520518 5.201745 2.7519984 2.7685156 6.2329373 1.8059502 0 69.19161 0.7978387 1.2011526 0 9.547344 3.008707
"20140700_S11_5" 1.9236027 34.454674 5.988964 0.69442445 0 2.5067441 4.3275957 26.102463 32.932102 0.7821349 3.439153 0 0.7268897 0.13870078 0.13366947 27.46377 36.154453 2.1803708 0.40142804 0.07816728 66.35495 3.5406177 1.047008 0.16863637 2.721222 6.198113 3.939179 0.16457403 0 35.91323 4.5483975 5.944795 0.09960219 0.15123989 16.41231 12.817215 0.39345518 0.3670774 7.384255 15.488925 0.09955916 0 9.39797 0.40502772 0.08133539 0.05846347 11.387403 0.07540027 0 0.7462361 0.68656695 4.257061 0.0894015 0.17859258 0.17862187 0.34288147 8.169422 0.7411695 0 30.249525 0.08917375 0 6.0125976 0.49003273 0 0.27971786 4.9952393 0 0
"Bog.Unlabelled.R1.T2.F3.JGI.BFC.metaspades_bin.31_85.09_2.29" 4.2699924 16.64545 9.764464 0.81904584 0 1.6533766 0.29376444 1.6346499 2.037361 0 0.9087161 0 0.42249447 0.07457566 0.06633476 1.0850849 1.9638909 0.07426165 0 0 1.0747875 0.25530165 0 0 0.9292961 1.7950608 1.0658749 0.17102726 0 1.8955965 0.6940647 0.64322835 0 0 1.8377949 1.1956381 0.38835406 0.15514307 1.1320757 2.0803895 0.25848278 0 4.7218275 1.2078922 1.3089234 0 7.199591 0.45553586 0 0.78326243 0.056404125 1.948538 1.6896198 0.14997452 0.26455316 0 0.50483316 0.060498312 0 4.80534 0.5143367 0 2.564794 3.2071998 0.15085083 0.18535404 2.0642464 0.8471004 0
"20120700_S1D_43" 1.6474524 79.88391 5.2455516 7.9384055 1.1625028 16.148071 0.88545394 1.9665045 22.001862 0.44790238 5.188713 0 0.09617555 0.24256247 0.22693282 1.5712067 6.5292497 1.0804428 0.5389782 0 2.217433 3.1755173 0.7074363 0.10774337 0.1466827 0.703106 1.875308 1.214392 0.34755012 1.9038289 3.6617937 6.537031 0.3261297 0.2323682 0.9175008 3.6235723 1.1688243 0.29659003 2.0610454 10.936648 5.2690406 0.1499468 4.0329356 15.481522 6.846679 0.56023103 24.589876 7.08286 0.62070477 3.7922344 0.36028638 1.0611349 5.7105975 1.0138175 0.9739659 0 0.4378571 0.06999887 0 38.552853 19.137821 0.40993327 0.98152417 10.506314 0.8363372 0.6788341 1.7720991 11.919935 0.6432928
"20111000_S1D_14" 0.1474923 2.6391232 0.33402684 0.8986608 0.07590644 0.59580785 0 0.08233497 1.0408732 0 2.8809197 0 0 0.11948952 0.10946466 0 0 0 0.553624 0 0.11980567 0.459196 0 0 0 0.11506895 0.06459347 0 0.06108771 0.14491956 0.44047496 2.2369897 0.1700733 0 0.08877711 0.27835125 2.5654747 0.19714285 6.8572264 12.302423 0.907118 0.1844692 3.364759 6.6670957 11.382706 0.22199382 2.1489522 0.57519776 0 2.3028874 0.51190645 0 0 0.10420026 0 0 0 0 0 5.6318974 5.22413 0.10758666 0 0.14683719 0.2929626 0.22349322 1.9680009 1.9734353 0
"20170700_S33_22" 0.2817453 3.081055 4.0148306 2.3313673 0 0.092994645 0 1.09991 0.9986269 0 3.841061 0 0.16730918 0 0 0.09734166 0 0 0 0 1.1164917 1.0476065 0 0 12.843194 11.751029 6.0880795 3.214662 0.9299932 11.196473 2.0437014 1.7368616 0 0 2.405393 2.9490588 0.100858845 0.36447364 9.251645 48.45809 0.095182024 0 2.8072674 3.5433676 0 0 35.33915 0.68274313 0 0.26014742 0.81049687 0.26839727 0 0 0 0.19205913 7.7518225 0.8129698 0 10.837607 0.50724256 0 0 0 0 0 5.4996023 22.231903 0
"Bog.None.R3.T0.trimmomatic.megahit_bin.55_94.74_3.88" 0 2.104611 0.80458015 0 0 1.3092295 0 0 0.728225 0 0.17225446 0 0 0.23410197 0.24983555 0 3.9728408 0.48400018 0.65296006 0 1.5837848 0.17756207 0.12394258 0 0 0.6582953 0.61167955 0.6429379 0.23650537 0 0.14540479 0.087540604 0 0 0 0 0.36521906 0 1.3510765 2.9367783 0.2887824 0 0 0.05614516 0 0 0.12055437 0 0 0 0 0 0.8433754 0.4987146 0.19066627 0 0.25432914 0.39754742 0.48008657 0.37012452 0.18834539 0 0 3.3430738 0.7803568 0.2136094 0.47073632 0.09813632 0
"20170700_S33_37" 0 1.2672546 3.1215029 1.5318584 0.06030002 0.07283426 0 0 0.78029823 0 1.0653268 0 0 0.1770915 0.17427608 0 0.88253486 0 0 0 0.08394257 0.09379864 0 0 0 0 1.2843717 2.8808906 0.1966907 0 0.26028645 11.238398 0 0 0 0.3687425 0 0 0 2.3639214 0.3692278 0 0 1.7612233 0.45892733 0 3.7853537 0.28764355 0 0 0 0 0 0 0 0 0.4556009 0 0 0.5268344 2.6736941 0 0 0.16763462 0 0 0 11.317333 0
"20140700_S33_2" 0 1.3655924 4.2513604 0 0 0 0 0 0 0 0.97521305 0 0 0 0 0 0 0 0 0 0 0 0 0 0 0 0 2.884934 4.215676 0 0 0 0 0 0.1560475 4.8699336 0 0.0743595 1.0847318 36.32276 0.06418726 0 0 0 0 0 0 0 0 0 0 0.29961756 0.08296056 0 0 0 4.222727 0 0 3.1291454 2.2763617 0 0 0.06894532 0 0 0.061895885 0.693831 0
"20111000_S1D_3" 0 1.0475569 0.07047514 0.27079248 0 0 0.26205912 2.2994874 0.22476166 0 1.4266623 0 0 0.2468267 0.24989782 3.7892962 6.4083843 0 0 0 2.8169692 0.3321515 0.06371123 0 0 1.0394592 0.088996224 0 0.11049419 1.1973008 1.6446695 0.28751507 0 0 1.12617 0.82524085 0 0 2.2779207 8.231672 0 0 0.778187 0.06422296 0 0 3.2891269 0 0 1.1940972 0.42643216 1.5847229 0.092011645 0.097002625 0.082004115 0 3.3433547 0.19813305 0 0.8134669 0 0 0.068635434 0 0 0 0.17999776 0 0
"3300036876_12" 0 0.33457544 0.3047679 0.5154614 0.06292251 0.41111118 0.23161183 0.606728 2.99 0.099584706 0.683635 0.11499347 0 0.10957385 0.069742575 0.5346342 15.092264 0.105558515 0.6788979 0.06860423 0.6479505 0.6950914 0.23441195 0.1327996 0 0.056244634 0.12281661 0.15339431 0 0.3607681 0.5032048 2.1911726 0.07974171 0.16024974 0.097749986 0.47130275 0.83919686 0 0.1356028 1.9207579 0.70866853 0.05692103 0.082338914 0.7264455 0.3979553 0.09404441 0.10684443 0.94935256 0.20186731 0.6520242 0.16417591 0 0 0 0 0 1.2625455 0.14163195 0 0.6129216 0.3855288 0 0 0.1389963 0.109541565 0.59457976 0 0.8094193 0
"20120700_S1D_24" 0 0.6863187 1.8456017 0.29426327 0 0.88523495 0.06623158 0 3.201676 0.11995984 0.9163464 0.10701732 0 0.38468924 0.36263227 0 1.4192313 1.1615791 0.3794723 0 0 1.5724995 0.47273576 0 0 0.0901681 0.42858806 0.6256271 0.21313784 0 0.3157054 3.194087 0.08975701 0 0 0.15786532 0.64843917 0 0 0.44118962 0.5544 0.56477845 0 0.20227796 0.09295179 0 0.06743441 0.273169 0 0.61566544 0.13148418 0 0.2330071 0.45342848 0.2443187 0 0 0.16388582 0.7815208 1.0838966 0.7376727 0.09607526 0 1.4097993 1.6196947 0.8629076 0 0.65965563 0
"20120700_S1D_39" 0 0.46249983 0.8254698 0 0 0 0 0 1.1796663 0 0 0 0 0 0 0 1.2545863 0 0 0 0 0.06749193 0 0 0 0.10385827 0.30505228 0 0 0 0.2699306 3.6499262 0 0 0 0.5368422 0 0 0.4547139 0.5002003 0 0 0 0 0 0 0 0 0 0 0 0 0.21206929 0 0 0 0 0 0 0.1670692 0 0 0 4.2176695 0 0 0.07004133 0.092110194 0
"PLTZ01" 0 0 0 5.8768573 1.2033744 0 0.14327323 0.074862435 14.745756 0.39069876 5.8265204 0 0 0 0 0 0.41113853 0.13338594 1.1712792 0 0.47984603 13.859275 3.0062268 0.3537476 0 0 0 0 0 0.24586089 4.65087 4.352437 0.2811974 0.13871472 0 0 8.027333 0.46212053 20.194971 14.400286 0.15827857 0.5172396 0.6393493 11.66172 0.9608243 0.107476704 0.50298214 0.22120696 0 2.033799 1.3419843 0 0.25437427 0 0 0 0 0 0 31.389593 0.81930995 0.09172232 0 0 0 0 0.52636606 1.3087528 0.10900779
"Bog.None.R1.T0.trimmomatic.megahit_bin.27_76.49_0.00" 0.08167004 2.5063322 0.06340606 0 0 0.07139779 0.11562607 0.7013999 1.7687036 0 0.23658416 0 0 0 0 3.2025921 3.0028882 0.23981157 0 0 1.7084984 0.08176142 0.076603524 0 0 0.6748682 0.3282872 0.05599966 0 3.5799148 0.24523029 0.31440547 0 0 0.07118337 0.74347395 0 0 2.2287438 1.5060868 0 0 0 0 0 0 0.59331584 0 0 0.057419635 0 0.6210369 0.5525039 0.08141713 0.06926728 0 0.21274965 0 0 2.1463096 0 0 0.6927941 0.83108974 0 0 0.12563498 0 0
"20120700_S1D_98" 0 1.1509104 1.581431 0.17314585 0.0820479 0.6935509 0.15613787 0.22236949 5.9710283 0 2.6143131 0.15439288 0 3.28172 3.0324893 0 4.575851 6.3928704 0.8358897 0 1.214117 2.0160003 0.67414933 0 0.22088034 1.1831915 4.983066 2.349068 0.91748416 0.1404491 0.30347618 2.9879832 0.41384333 0 0 0.6889874 1.66015 0.06121975 1.774877 5.4612093 0.9413408 2.3887722 0.24848656 1.630352 0.38485563 0.30494437 2.7757363 0.2042678 0 0.8470576 0.37335858 0 0.70070267 16.609362 1.4551058 0 2.4113133 0.13522702 0.20833845 10.046946 8.070263 0.111947306 0 1.6402442 0.40167218 2.3634508 0.38827497 3.2121341 0
"20120700_S1D_29" 0 1.096656 0.40445507 0 0 2.8534184 0.10676198 1.4538542 1.5798087 0 0.40815187 0 0 0 0 0 0.31223798 5.4505553 0.44097215 0 0.8518305 0.09328856 0 0 0.058959156 0.9766685 0.256952 0 0 0.7446041 0.33989024 0.146673 0 0 0.6667253 3.1759965 0.14652221 0 4.4994774 2.4343662 0 0 1.6026707 0 0 0 3.5571976 0 0 0 0 0 2.300451 0.20765796 0.06252009 0 5.70768 0.8446985 0 3.2037692 0 0 0 0.37236714 1.6223066 0 1.1028498 0 0
"20150700_E14_4" 0 2.1744816 3.7238128 1.250396 1.135502 10.488987 0.15345167 0.4695321 7.807488 1.0481192 2.8389413 2.2709122 0 21.733065 20.96365 0.18844455 6.30648 8.146044 2.7294858 0.6468296 1.2674428 3.5162737 1.2998831 1.0089383 0.174538 2.231786 1.6706591 3.2494485 4.058034 1.4608691 1.7688255 5.7911754 0.60420454 1.5246958 0.09137991 0.78147465 11.053743 0.22684187 2.3238087 12.769789 18.614328 1.0805781 3.2060015 1.7453132 0.5070756 9.273686 3.3613763 0.47565034 0.40410665 1.7929254 1.9112694 0 17.265331 8.002544 19.563848 0 3.8016183 0.6386486 0.66237575 8.725728 0.3949355 0.4154282 0 23.488615 11.630786 1.6978679 1.2841167 11.615638 0.34605408
"Bog.None.R2.T0.JGI.BFC.metaspades_bin.94_71.04_6.96" 0 0 0 0 0 0 0 0.07371554 0.2221939 0 0 0 0 0 0 0 0 0 0 0 0.14413115 0 0 0 0.15366419 0 0 0 0 0.16413821 0 0.058376774 0 0 0 0 0 0.27890682 0.30847415 0.22627066 0 0 4.4389424 0.1580726 0 0 0.29334965 0 0 0 0 0 0 0 0 0 0.1354334 0 0 1.6616869 0 0 0 0 0 0 0.28922448 0 0
"Bog.None.R2.T0.JGI.BFC.metaspades_bin.32_77.74_4.21" 0 0.84441453 0.31039825 0 0 0.062167265 0.68646836 6.52272 0.9880114 0 0.37011155 0 0.08728739 0 0 3.5917568 2.473369 0.36206722 0 0 3.8617306 0.09465984 0.07082651 0 0.614623 0.645367 0.5296289 0.17741363 0 2.8577452 0.10577253 0.10977024 0 0 0.31301162 0.49044165 0 0 0.9018996 1.6827241 0 0 2.7902951 0.07001783 0 0 1.9151574 0 0 0 0 0 0 0.123533644 0 0 0.44249952 0.07176258 0 2.71145 0.11723487 0 0.16540572 2.1925302 0 0 1.2615438 0.06862272 0
"20120700_S1D_90" 0 1.6168091 2.9707856 0.5353796 0.08192942 1.3157464 0.06289514 0.3758099 2.8043451 0 2.8879519 0.124189325 0 2.2822526 2.0378675 0.064071484 0.305476 3.0770895 0.47386396 0 0.3364159 0.20107117 1.0386797 0 0 0 1.1706926 2.1036878 1.6087484 0.8491914 0.10933938 1.662075 0.13349083 0 0.17305979 0.98503345 3.5511377 0 0.28563306 1.7594638 2.1242483 0.39118946 0 0.69633853 0.1734054 0 0.34200245 0.3351048 0 0.119488046 0 0 0.8805802 0.8657215 0.9135321 0 1.1584115 3.9695008 5.766904 1.2347789 2.256553 0.3585385 0 1.7064517 5.643507 1.2786072 0.0732025 1.8453987 0.11491775
"20120700_S1D_108" 0 1.3495485 0.7042863 0 0 0.7552647 0.099561155 0.43752617 1.746086 0 0.642216 0 0 0 0 0.68258446 0.94929016 0.6462746 0 0 0.8627951 0 0 0 0 0 0.6272032 0.1217033 0 3.504859 0.19949411 0.32314783 0 0 0.65276885 2.8845556 0 0 0.28818047 1.5249548 0.24200739 0 1.2578682 0 0 0 0.6217828 0 0 0 0 0 3.7896798 0 0 0 4.709656 0.09512186 0 1.9770939 0.2679346 0 0 1.0061018 0 0 0.22140497 0.15998416 0
"20120700_S1D_49" 0 0.24535155 0 0.58216417 0.2727484 0.22480802 0.22082643 0.59035057 2.7438478 0.085969925 1.8807192 0.061584562 0 0 0 0.080423474 1.1955397 0.185135 0.12229753 0 1.2955954 1.0809 0.9068829 0 0 0 0.5764838 0.1374931 0 0.18102904 0 0.8049195 0.25642204 0 0 0 3.0856247 0 0.13577728 0.9143118 1.2449893 0.4283483 0.12179514 0.26388463 0.23303996 0 0.07581961 1.9151679 0.10580405 0.4182433 0.10353291 0 0.3860502 0.71752995 0.16990533 0 0 0 0.17965746 1.9452994 1.1559074 0.48368028 0 6.3054147 3.8807492 0.47814354 0 0.4204518 0.8900601
"20120700_S1D_9" 0 1.2839297 0.33748266 0.5686573 0.057100277 0.28298095 0 0 3.5782394 0 0.47620204 0 0 0.19005987 0.18023138 0.1140499 5.4855103 0.07862306 0 0 0.37311116 0.60943186 0.24007238 0 0.1657427 1.9849808 2.4082124 1.8263618 0.64301825 0.09402338 0.79815984 6.1858315 0 0 0 0 0.56651443 0 2.3748367 3.4092104 0.3900038 0 0 1.1843534 0.25770447 0 1.2065679 0.48574394 0 0 0 0 0 0.33003616 0 0 0 0 0.3965571 0.44217655 0 0 0 2.460244 1.6560129 0.16860652 0 0.17969587 0
"20160700_E23_20" 0 0 0 0.444924 0.10041162 0 0 0 0.55658364 0 0 0 0 0 0 0 0 0 0 0 0 0.8893224 0.108787455 0 0 0 0 0 0 0 0.35499808 0.23824719 0 0 0 0 0 0 0.3641601 0.4411629 0 0 0 0.3741523 0 0 0.4927993 0.24378446 0 0.063242525 0.07794253 0 0 0 0 0 0 0 0 0 0.121712044 0 0 0 0 0 0 0.7639282 0
"20120700_S1D_113" 0 0.13597335 0 0.11157137 0 0.18480836 0.10590501 0.11857419 1.4690934 0 1.017961 0 0 0 0 0 0 0.105079696 0.20683256 0 0.29853952 0.3957233 0.089064226 0 0 0 0 0 0 0 0.7195269 0.6095069 0 0 0 0.78145915 0.11378539 0 0.0980384 0.16144747 0 0 0.1164874 0.31485736 0.065011606 0 4.250811 1.3437839 0 0 0 0 0 0 0 0 0 0 0 1.1788405 0.84338677 0 0 0 0 0 0.1316933 0.66555417 0
"20130700_P1Y_10" 0.1130779 2.2308607 0.76164186 1.1736375 0.40466195 1.8174591 0 0 0.540331 0 4.6779776 0 0.29445085 0.11259485 0.09553207 0 0 2.1572092 1.144718 0 0 1.5577207 3.0795274 0.10661398 5.9186053 3.190287 3.878764 1.2788883 3.7896621 0 1.8030876 10.820903 0.25748932 0 0 3.8110476 2.369866 0.74370134 17.173998 26.355867 0.08121411 0 0.09969395 4.5679235 1.4168491 0.1979769 10.920233 5.234281 0.14673102 0.96790045 0.7620713 0.5398743 1.9639268 1.2150496 1.5743909 0 0 0 0 21.131186 8.860709 0.72287196 0 0.2897714 0 0 3.2482557 6.9852405 0.16347663
"3300036876_9" 0 2.21327 1.5198667 1.3846413 0 6.076536 0.45740467 1.3829309 11.476898 0.11989047 2.3376977 0.17063718 0 0.7555729 0.57673734 0.6707462 27.57247 5.79908 0.6292893 0.12466902 1.0567611 2.2556667 0.48872346 0 0 0.37518 2.098637 2.0594854 4.5297327 1.2720878 1.3515176 6.644844 0.07105267 0 0 0.45274886 2.208039 0 1.2462435 1.9809707 1.3966666 1.1478791 0 2.116407 0 0 0.28352597 0.34540758 0 0.59567785 0.41091427 0 4.861961 3.478307 1.4031713 0 5.0336356 1.4786407 3.8282669 1.344259 0.14246097 0.1831209 0 4.47363 0.98162264 6.5016675 0 0.33702046 0
"3300037231_11" 0 0.09983327 0 0 0 0 0 0 0 0 0 0 0 0 0 0 0 0 0 0 0 0 0 0 0 0.37725073 0 0 0 0.07748505 0 0 0 0 0 0 0 0 0 0.7626974 0 0 0 0 0 0 0 0 0 0 0 0 0 0 0 0 0 0 0 0 0 0 0 0 0 0 0 0 0
"20120700_S1D_5" 0 3.534371 2.7165465 0.6865213 0 0.56662124 0.88742757 2.1561697 1.9234663 0 1.5832002 0 0 0 0 1.2382089 3.530376 0.09673089 0 0 1.9235249 0.72440815 0 0 0 0.1384203 1.6773072 1.7438741 0.31960022 0.994521 1.3655013 0.52895314 0 0 0.8134195 1.8323637 0 0 0.09332732 1.3109896 0 0 0.37074542 1.7059865 0 0 2.1996238 0 0 0.12600708 0.2522704 0.12632519 0.4799214 0 0 0 4.9722943 0.34184268 0 2.1694882 0 0 0.21045054 0.13776806 0 0 0.35790694 0.19206916 0
"20140700_S22_6" 0 0.14258866 0 4.834326 1.3702922 0.46691 0.15178704 0.32278463 3.8876712 0.96341324 7.40677 1.438428 0 0.20368916 0.18641411 0 0.65660226 0.4548467 0.98191655 0.15444502 0.4301952 1.1707278 1.1097609 0.7381534 0.7054787 1.7325097 0.6729369 0.17347902 0.10306888 3.3345392 4.0384927 3.973497 0.7807791 1.4811031 1.228377 9.184607 1.0053756 0.07545335 1.6236365 5.298705 0 0.2374304 3.4320757 2.7224748 1.2759451 0.8325224 2.496299 1.0172945 0.6204129 1.5140641 1.5408341 0 1.856912 0.675096 1.17473 0 0.98449147 0 0 1.8516982 2.3103302 0.9211695 0 0.059592444 0.32221335 0.5459056 0.83927864 1.5331026 1.0969213
"20120700_S1D_46" 0 0 0 0.7910523 0 0 0 0.062679574 5.3185825 0 1.8013564 0 0 0 0 0 0 0 0 0 0.27285317 2.0170221 0.17568408 0 0 0 0 0 0 0.6941041 0.6574663 0.59567857 0 0 0 0 0 0 0 0 0 0 0.19537233 0.78679127 0 0 1.2410532 0.1074743 0 0 0.101114035 0 0 0 0 0 0 0 0 0.1468876 0 0 0 0 0 0 0 0.7278885 0
"20120700_S1D_55" 0 4.843742 0.939232 3.6274726 1.1266934 0.91615087 0.5522932 6.4626794 11.663824 0.1302574 3.4218328 0 0 0.056835428 0 0.87731045 11.338838 3.789106 0.55117494 0 1.2253797 3.7451913 3.135611 0.094800584 0.059311613 2.0917928 3.8772938 1.1366963 0.16019699 2.9022124 1.9662715 6.20773 0.5557137 0 4.5468197 3.8203316 0.6623707 0 3.659006 3.9023578 1.565486 0.2622092 1.8871384 3.0977037 0.908152 0 4.538195 5.415066 0.1284143 0.34901774 0.6031653 0 10.1413355 0.43925375 0 0 5.436831 0.5232202 0 6.2485585 2.229889 0.1851243 0 8.949253 1.2038308 0.09620865 0.5923262 2.841272 0.29817066
"20120700_S1D_102" 0 2.1303365 0.29481608 3.9121087 0.63725644 0.32143304 0 0 3.7172909 0.13783224 1.6409322 0.12940928 0 0.21825518 0.20343925 0.12536356 13.949654 0.6305227 0.2965149 0 0.17739256 1.720102 1.0976386 0.28816748 0 0.7424111 0.42936856 0.36840692 0.18836103 0 1.390815 2.6403334 0.7030655 0.29771042 0 0.8777558 0.41958377 0 0.93733674 5.094356 0.38065776 0.48003623 0 1.2232908 0.9054188 0.13938515 1.5261066 2.189727 0.689344 0.8197994 0.5904958 0 1.3722541 0.8247318 0.16468029 0 0 0 0 0.5888411 1.2204568 1.0335691 0 1.3609337 0.24062231 0.13520758 0 1.2536515 0.53929186
"Bog.None.R2.T0.JGI.BFC.metaspades_bin.319_70.64_9.53" 0 0.30131838 0 0 0 0.09719046 0 0.91389674 0.30599877 0 0.5040998 0 0.104866356 0 0 0.29968175 1.6773008 0.17061664 0 0 0.20251964 0 0 0 0.67622745 0.29745406 0.11168404 0 0 0.8142949 0.49216908 0.15896465 0 0 0.6191566 0.60205203 0 0.24051577 1.5602589 0.8854508 0 0 0.26069394 0.12068778 0 0 1.5547155 0 0 0 0.05839772 0.35930535 0.16890086 0 0 0 1.0115806 0.05767949 0 1.4723749 0 0 0.103896044 0.5586267 0 0 0.7153204 0 0
"20120700_S1D_19" 0 17.527338 10.37666 6.419069 1.9030662 2.863275 0.8753137 4.518745 10.939028 0.40194744 4.846275 0.5729375 0 2.5892634 2.4174042 6.9414234 17.765123 4.3390665 0.5876181 0.10303366 3.5818858 7.6079392 2.8424854 1.6662914 0 2.3693414 6.911264 4.9653993 1.494173 7.176176 2.725295 5.8382535 0.99004984 0.7078506 3.1173878 5.9496055 2.8337188 0.070398234 10.166741 15.260425 17.987864 2.5809062 1.8770043 4.69509 1.2111436 2.7947104 2.439684 3.5587509 1.2389952 1.2613676 2.259527 0 4.9701886 1.2615769 1.6247741 0 5.8381867 1.7364123 1.5970291 2.8635218 1.069937 1.0000961 0 5.937474 1.7811682 1.4096793 0.4722379 6.1924043 0.8603672
"20140700_S12_11" 0.14329797 13.851233 1.7512842 14.35632 4.3223224 1.4070661 0.6637336 0.62794644 43.622887 2.5097134 10.058913 0.0939104 0 0.29548946 0.2833035 0 12.247239 2.9695063 0.2311611 0 1.704599 23.770037 9.472688 2.5132704 0 5.3108454 4.8608356 0.5543708 0 0.41197568 11.170574 13.816241 2.2365456 0.47767878 0.12549472 1.2950068 1.5218763 0 3.7911358 12.499363 2.1070545 1.87056 0 10.101695 3.4481366 0.11953497 14.32323 7.832315 0.5634492 1.009957 1.4889501 0 11.373849 0.7326977 0.4434046 0 0.4777246 0 0 4.75342 4.4245024 0.7300586 0 6.910682 0.33609357 0.12546946 0.056615647 7.276075 1.9126009
"20120700_P3D_101" 0 0.09414354 0 0.1526331 0 0 0 0 0.14902936 0 0 0 0 0 0 0 2.4592152 0.13267437 0 0 0 0.09457048 0 0 0 0 0 0 0 0 0 0 0 0 0 0 0 0 0 0 0 0 0 0 0 0 0 0 0 0 0 0 0.06370364 0 0 0 0 0 0 0 0 0 0 0.27299887 0.10777684 0 0 0 0
"Bog.Labelled.R2.T3.F3.trimmomatic.megahit_bin.126_96.49_2.19" 0 0.30912837 0 0.31800714 0.27476862 0 0 0.21198946 1.0436585 0 0.13051265 0 0 0 0 0.39424008 3.8098857 0.43551844 0 0 0.55513424 0.6679728 0.32207772 0 0 0.29930395 0 0 0 0.11622057 0.36248872 0.325674 0.0958275 0 0 0 0 0 0.5613312 1.1083659 0.09951979 0 0 0.12714735 0.07016062 0 0.37563202 0.12409423 0 0.10816864 0.15965667 0 0.9195353 0.2551544 0.13125949 0 0 0 0 0.09841466 0 0 0 0.18962528 0.176059 0 0 0 0
"20150700_E15_22" 0 1.1013422 0.24722232 0.27753738 0.3789785 0.26956317 0.21365361 0.54923165 2.4306808 0.09494824 3.308024 0.36247468 0 0.49868664 0.43034366 0.863995 0.7754438 6.3835387 0.18152931 0 3.773037 1.4200429 1.4163426 0 0 0.12799846 6.38137 0.82688236 0.45272028 0.7708069 0 1.6627901 0.39083403 0.1935568 0.06582882 0.20798318 1.1530896 0 0.2584243 0.27122977 0.561595 1.3026597 0.1502286 0.24598332 0.12385653 0 0.5010931 1.1944573 0.062686995 0.44646248 0.5822457 0 0.108302996 0.7769928 0.34255365 0 0 0.32236972 0.92317003 8.535536 2.436103 0.32601064 0 5.1888084 0.14271508 0.69843656 0.1742794 0.28217536 0.27214807
"20120700_S1D_114" 0 10.9943695 3.5564108 12.031335 4.1710334 3.396942 0.8467535 1.5185149 37.3378 1.1220884 10.4083605 1.7913415 0 2.6647851 2.381178 0.40317246 21.769924 5.9154634 2.2324255 0.47189724 2.9715981 17.770653 9.125608 1.8110989 0 4.979947 4.0050044 6.170095 2.4549375 0.30315354 6.4762354 16.988535 3.8079786 2.134392 0.5276824 8.860566 9.125655 0.08668255 2.8813992 22.803566 8.242195 3.4468307 0.4162076 8.268944 5.1229196 1.3330168 12.437927 13.9913025 1.406526 2.8408024 4.086094 0 9.233583 2.9150407 3.5736382 0 1.7853901 3.1228373 3.6446323 3.4776547 4.1671476 3.3539886 0 16.040926 2.6569812 3.9485126 0.17725448 7.3099275 2.572032
"Bog.Labelled.R1.T1.F1.JGI.BFC.metaspades_bin.128_96.67_1.72" 0 1.739534 0 0 0 0 0.09978352 0.23325433 0.13730021 0 0.21321636 0 0 0 0 0.11664434 0 0.18517588 0 0 0.18709478 0 0 0 0 0 0.73034436 0 0 0.2613645 0 0 0 0 1.3677804 0.8034417 0 0 3.24121 0.2285896 0 0 0.36455116 0 0 0 0.0602923 0 0 0 0 0 0 0 0 0 0 0 0 1.953025 0 0 0 0 0 0 0.25875 0 0
"20120700_S1D_57" 0.06391482 15.930752 8.864694 4.603313 0.53645176 2.1992893 0.45257586 1.4688835 15.058664 0.16051292 5.318601 0.42380825 0 0.6239617 0.6017694 0.32279125 4.909772 4.79399 0.5385884 0.07359215 8.41736 4.556984 2.8765852 0.0984408 0 1.5336692 5.6700296 3.8794215 0.8339071 0.31008962 1.1104653 6.187592 0.38291663 0.14973457 0.24663897 3.9145823 4.5021267 0 0.13623738 3.6985044 5.533916 0.99066144 0.6609088 2.935015 0.55208564 0 0.6071055 3.8002226 0.21866156 0.87627226 0.41850665 0 10.6621 1.5985037 0.5064084 0 2.3696313 1.8760548 2.4062836 2.2310376 1.7814231 0.39409626 0 27.471249 3.3676615 1.4953082 0.21000303 1.6471275 0.20606352
"Bog.Unlabelled.R2.T2.F1.JGI.BFC.metaspades_bin.60_95.04_1.94" 0 8.383153 1.2335799 0.62260556 0.57255936 0.9913874 0.89669716 8.560315 19.807512 0.31247023 3.2965574 0.7087642 0 0.92633045 0.83512443 21.187105 27.232876 17.978315 0.6733985 0.14373977 22.869297 5.6010866 1.7633455 0.45377928 0 2.7073157 25.240381 1.3327786 1.1335564 29.356174 1.9730049 3.2417583 0.7754466 0.57999027 1.6085283 2.8032017 2.2960322 0 2.9631207 2.605408 3.3193624 1.7870857 1.8977557 0.63556224 0.8244234 0.32564554 10.191646 1.3866068 0.38953817 0.95749533 2.4529803 0.8031443 14.806277 1.3690522 1.0274671 0 8.371885 2.30984 1.0160199 24.862759 2.6005661 0.6739281 0.46180943 13.569321 2.6937745 1.4939598 0.6716261 1.4123994 0.4527184
"20140700_S11_11" 0 1.7493296 0.32570344 0.7039206 0.301093 0.64441526 0 0.15053363 0.79510677 0.1421482 2.292809 0.42176867 0 0.4279547 0.3885774 0.41088635 0.61740416 23.27744 0.27903545 0 1.9120967 0.33556393 0.8251762 0.31274366 0.11165373 4.8573337 4.974921 0.48213744 0.38462105 32.73984 2.4431415 1.9771821 0.43287075 0.38135237 5.016571 3.6115828 1.1272275 0 5.8837743 2.3268514 0.4437008 0.56797826 2.199548 0.27634963 0.43982914 0.18039241 2.208265 0.46584305 0.15325911 0.65257156 1.3097612 0 10.281004 0.5468533 0.6565684 0 3.7031755 1.2080995 0.34946007 18.387268 0.8038915 0.34802523 0.24368338 1.6843923 1.1630856 0.6651329 2.2172165 1.2347815 0.19767438
"20160700_E23_21" 0 0.831607 0.14796339 0 0 0.1275773 0.10332038 0.11787006 5.481605 0 0.21367098 0 0 0 0 0.07357426 21.487583 0.48313636 0 0 0.8649704 1.0364076 0 0 0 0 0.38844296 0 0 0 0.4459884 0.82983476 0 0 0 0 0 0 0 0 0 0 0 0.41731846 0 0 0.27150255 0 0 0 0 0 1.6259284 0 0 0 0 0 0 0.9978578 0 0 0 5.2902126 0 0 0 0 0
"Bog.None.R3.T0.JGI.BFC.metaspades_bin.37_91.86_1.77" 0 0.6830592 0 0.09276005 0.06445083 0.06688563 0 0.51542246 3.1734273 0 0.27856216 0 0 0 0 0.36164054 3.2883956 0.5375553 0 0 0.93250734 0.89825314 0.2713792 0 0 0 2.20222 0.09696385 0 0.1794046 0.118779555 0.4804413 0 0 0 0 0.061313268 0 0.11975796 0.15884538 0.7482949 0.0658733 0 0.0741016 0 0 0.49094355 0.14924945 0 0 0.09641013 0 0.46668547 0 0 0 0.18161859 0 0 1.6485679 0.08144721 0 0 2.5664847 0 0.06640794 0 0.06940858 0
"Bog.Unlabelled.R2.T3.F2.JGI.BFC.metaspades_bin.55_93.55_2.59" 0 2.7399025 1.778159 0.7456729 0.3456854 0.7662093 0.3860375 0.25686362 21.976278 0.4369314 1.7159315 0.2163976 0 0.11357369 0.1104911 0 16.192268 3.6788037 0.26368952 0 0.7263323 4.66014 1.4765478 0.15675779 0 0.12237244 4.2393613 1.0467049 0.27421644 0 0.4560289 3.201171 0.38053632 0.41822186 0 0 0.8298483 0 4.6294346 11.79773 6.1457796 1.5513649 0 0.80842066 0.17649454 0.059942912 0.06442681 0.6874314 0.14518914 0.5214294 0.5947015 0 2.9467225 0.75714743 0.4180353 0 0.34962416 1.0681212 0.20097438 2.4992578 0.67257214 0.10214471 0 16.15006 0.29850146 0.30642852 0 1.2154348 0
"Bog.Unlabelled.R3.T2.F3.JGI.BFC.metaspades_bin.122_96.77_0.86" 0 1.9263213 1.1878483 0 0 0 0.12514345 3.6345017 0.363922 0 0.3373201 0 0 1.5031234 1.3826045 6.7264795 3.816059 0.6444858 0 0 1.6478797 0.48482192 0.21135068 0 0 1.2305666 5.8983335 1.0540239 1.0710524 8.048632 0.08061075 0.21650271 0 0 0.09223797 0 0.06278084 0 3.5672097 5.373997 0.38139397 0.5710311 0.1896483 0 0 0 1.4208833 0.1835586 0 0.06358356 0.8907057 0 0.4095476 0 0 0.14801471 0 0 0 6.3844595 0.7273259 0.24984312 0.63497 0.8663872 0 0 0.25108504 0 0
"20150700_E15_4" 0 1.1742442 0 0 0 0 0 0 1.0327833 0 0.3594147 0 0 0 0 0 0.21820608 2.5272107 0 0 0.07019493 0.19518732 0.11919021 0 0 0 2.8171608 0 0 0 0 0.4835527 0 0 0 0 0 0 0.3153717 0 0 0 0 0 0 0 0 0 0 0 0 0 0 0 0 0 0 0 0 14.097853 0 0 0 0 0 0 0 0 0
"20140700_S11_6" 0 0 0 0 0 0 0 0.6773855 0 0 0.22317986 0 0 0 0 6.6166644 1.7495419 0.25457966 0 0 0.5796352 0 0 0 0.25136685 1.3640339 0.35058868 0 0 13.006208 0.16888407 0.106583595 0 0 1.1779294 1.1192895 0 0.078506485 11.209854 5.5472245 4.4869113 0 5.948939 0 0 0 0 0 0 0 0 0 0 0 0 0 0 0 0 1.9952292 0 0 0 0.53933835 0 0 6.845568 0 0
"20150700_E14_2" 0.06270208 11.956612 8.516919 1.2832518 0 4.1649804 0.2805612 0.32196778 17.94279 0.2148528 1.4807295 0 0 2.7770731 2.4955997 0.49234807 17.29898 4.0470867 0.1821843 0.15268946 4.354821 5.5055323 0.42098457 0.07539707 0.05593862 2.7914178 5.6958055 3.1887426 5.3675714 0.9221859 1.2427844 3.0174224 0.1199877 0.21348956 0.10893901 1.45497 0.8590201 0.14024642 10.514326 21.168598 26.145933 0.45061904 0 0.96914035 0.08272056 0.35759127 2.3939402 0.35689822 0 0.75375307 1.1401716 0 7.2617183 1.6769943 3.6463842 0 0.87165546 0.8670579 0.6284186 5.515112 0.17937988 0.33785135 0 30.904894 1.739345 0.40469712 0.5309659 5.7429333 0.38928393
"20160700_E25_15" 0 1.0152655 0.121832654 0.9895193 0.17764425 0 0 0 1.8526831 0 0.13107245 0 0 0 0 0 1.8610398 0.38552582 0 0 0 2.0441258 0.9137131 0.06335665 0 0 0 0 0 0 0.06588495 0.62297136 0.07093339 0 0 0 0 0 0 0 0.41468933 0.2588558 0 0 0 0 0 0.3308589 0 0 0 0 0.5921241 0.25137377 0.06562309 0 0 0 0 0 0 0 0 6.97174 0.16393965 0.0694955 0 0 0
"Bog.None.R3.T0.JGI.BFC.metaspades_bin.163_88.86_2.16" 0 0 0 0 0 0 0 0 1.0326684 0 0.07412878 0 0 0 0 0 0.22237338 0.24978872 0 0 0.16593507 0.124525376 0 0 0 0 0.6314067 0 0 0 0 0 0 0 0 0 0 0 0 0 0 0 0 0 0 0 0 0 0 0 0 0 0 0 0 0 0 0 0 0.63291353 0 0 0 2.996488 0 0.058134563 0 0 0
"20140700_S11_15" 0 3.619281 0.17461804 0.13315621 0 0.31001613 0.3635952 3.6500087 4.2944508 0.068049535 1.3487879 0.16357875 0 0.101925634 0.087519504 11.90391 15.756713 2.0157592 0.099027015 0 7.202835 1.4923825 0.20979276 0 0 1.8082321 1.0303595 0.32957858 0.4623676 9.519126 1.8860531 0.9439041 0.05703212 0 2.7058907 2.266163 0.6052333 0 2.8928974 6.9898634 0.6365561 0.09376361 5.834924 0.5932716 0.078418754 0 3.5336275 0.19667597 0 0.056894388 0.277077 0 4.206758 0.19699769 0.20638269 0 1.1070673 0.27138934 0.14865187 3.4072618 0.20808144 0 0.26126766 8.86536 0.78632414 0.4434448 1.5985183 0.36196002 0
"20160700_E25_13" 0 0 0 0 0 0 0 0 0.18695208 0 0 0 0 0 0 0 0 0 0 0 0 0 0 0 0 0 0 0 0 0 0 0.063239135 0 0 0 0 0 0 0.09654839 0 0 0 0 0 0 0 0 0 0 0 0 0 0 0 0 0 0 0 0 0.69438845 0 0 0 0 0 0 0 0 0
"20130700_S2M_1" 0 9.474455 1.2926788 1.5384815 0.27939454 0.71568054 1.2248881 3.208059 22.694246 0.386822 5.6020722 0.26415116 0 0.114633776 0.101051874 2.9497786 41.373005 8.727206 0.29352003 0.08719086 12.704766 11.607819 2.9944222 0.20469843 0 0.97891825 20.422268 0.52805394 0.22445104 7.822557 3.6862411 7.390387 0.75651854 0.22748856 0.7457226 2.0996928 1.3744246 0 3.413895 5.0272517 1.6231905 0.28226557 2.5800579 2.4585726 0.71046746 0.11547004 4.6873193 2.2609696 0.18803255 1.5749063 2.1620243 0 0.74327064 0.44612986 0 0 1.159339 1.8739778 4.0436916 8.755999 0.9002741 0.29059428 0 8.301171 0.16499089 0.2114793 0.23766029 0.8740017 0.3510684
"20110800_S3M_18" 0.13202032 9.155816 12.333137 0 0 15.985038 1.5073785 8.341577 8.593857 0 1.644394 0 0.08083625 0.064831376 0 4.24014 16.43166 11.7511215 0.1937099 0 8.47098 2.6622617 0.14149156 0 1.1912051 7.5282254 5.9086056 4.480025 1.1453189 3.6716213 1.797931 2.5409377 0 0 8.747969 6.5693026 0.7439203 0.07074057 2.9911437 12.605084 5.169674 0 1.2394916 0.4122933 0 0 0.8921058 0 0 0.22737953 0.34888974 4.7005606 2.622395 0.30757388 0 0 11.08926 0.59415305 0 5.589458 0 0 3.0527186 16.765223 0 0.21797328 3.4093206 1.7832097 0
"Bog.Unlabelled.R2.T3.F2.JGI.BFC.metaspades_bin.21_87.09_0.86" 0 0.34732795 0 0 0 0.07618977 0.6876079 7.7110853 1.4672108 0 0.72843766 0 0 0 0 2.6289132 5.3791733 1.1920711 0 0 6.5799294 0.34475812 0.0977519 0 0 0.46194986 0.58542275 0 0 7.476482 0.7237852 0.41645503 0 0 0.5864885 0.82252866 0 0 1.038524 1.5093788 0 0 1.9533774 0.06786324 0 0 1.4273362 0 0 0.07950771 0.1439766 0 0.072546974 0 0 0 0.117616296 0 0 1.8596401 0 0 0.10088011 0.09895965 0 0 0.35351297 0.23504975 0
"20150700_S23_11" 3.0925033 2.0689366 0.14010745 0.09649765 0 0.111864366 0.60587734 2.4711092 7.8614635 0 0.9232136 0 3.3616946 0 0 2.300296 0.5722888 0.27224377 0 0 2.9673765 0.61983055 0.08452996 0 7.426336 3.0333633 0.5124479 0 0 6.0951357 0.64101595 0.17183365 0 0 5.062905 4.9206815 0 3.212273 7.785557 3.1418722 0 0 2.9436784 0.18352632 0 0 20.214725 0 0 0.40861705 0.4289812 7.2669125 0 0 0 0.9669963 10.377668 0.44425595 0 2.9180903 0 0 5.5291967 0 0 0 6.361822 0 0
"20150700_E14_10" 0 1.3571451 1.7285751 0.1633224 1.1474783 5.549761 0 0.19565502 5.0118303 0 0.6783185 0 0 14.25128 12.93548 1.3210466 7.8479223 5.7734766 3.8817499 0.115023434 4.818978 2.0600214 0.21062341 0.42718166 0 1.9394346 6.110529 0.7241165 5.6496534 2.8365986 1.0361165 1.0114555 0.21810776 0.085665785 0 0 36.211063 0 8.05732 17.970903 45.132004 2.9345608 3.3292277 0.96797377 0.7150165 0.45048597 2.928765 0.3971197 0.18585472 1.0439429 2.726573 0.22483812 5.9561105 9.910505 8.800657 0 0 0.12567502 0 3.1071832 0.72492886 0.17358653 0 4.7433743 43.42007 0.41539884 0.24421278 3.9583995 0.370805
"Bog.None.R3.T0.JGI.BFC.metaspades_bin.143_78.72_9.48" 0 0 0 0 0 0 0 0 0 0 0 0 0 0 0 0 0 0 0 0 0 0.57759804 0 0 0 0 0.21636492 0 0 0 0 0 0 0 0 0 0 0 0.25420338 0.11837961 0 0 0 0 0 0 0.124369174 0 0 0 0 0.06702905 0 0 0 0 0 0 0 0.56976485 0 0 0 0 0 0 0 0 0
"Bog.Unlabelled.R3.T2.F3.JGI.BFC.metaspades_bin.11_93.17_1.72" 2.1264887 25.11589 1.7415745 0.5339589 0 0.18763638 5.023793 20.364325 18.95598 0.6922586 2.8701148 0 2.1032686 0.4084422 0.37336102 7.320353 32.097553 0.54394805 0.43783605 0.079695985 38.147167 1.4119126 0.7453181 0.119084865 7.203552 3.8128724 1.7229662 0.39980683 0.06960907 15.801429 4.582902 1.6291151 0 0.12896061 6.010708 4.408281 0.21328102 0.4570792 3.937445 5.6777287 0.17488004 0 4.6964192 0.45294946 0.07586589 0.09165653 5.4268217 0 0 0.63660884 0.51945895 2.5692704 6.3086314 0.8339257 0.5994226 0.20753306 5.013063 0.618007 0 3.6566577 0 0 7.1080985 9.133366 0.07804502 0.78028005 1.6089104 0.09711756 0
"20120700_S3X_7" 0.62844473 40.613884 40.55499 1.757237 0.07444625 22.682034 10.121195 33.999092 30.020905 0.9648123 9.156347 0.26915306 0.1698571 67.149216 60.521523 11.603908 30.311247 13.241014 4.9381347 0.8164175 23.6083 4.054531 1.6386588 0.19335765 2.0448356 5.713767 7.4876294 23.076868 15.0095005 12.969863 3.199908 6.7378206 0.243878 0.44153097 6.081525 23.556664 10.636241 0.7974057 16.284416 18.79885 16.302307 2.395141 2.1886823 1.8652421 0.30398878 4.8385253 1.6999222 0.16086239 0 2.3704371 1.8169236 3.1532366 10.415297 6.9537716 5.141128 0.744401 21.593815 17.82916 40.033207 17.458834 0.8098212 0.45097414 3.2706985 45.037693 18.857363 12.472241 13.059201 6.834708 0
"Bog.None.R3.T0.JGI.BFC.metaspades_bin.277_97.34_4.31" 0 0.5858144 0.1185247 1.1140481 0.3600832 0.35664907 0 0.17161101 2.3218057 0.14237405 0.37306696 0.117788516 0 0.12895662 0.10915203 0 1.0913996 0.5549886 0.14780085 0 1.5577586 0.6399075 0.52065563 0.13008355 0 0 0.14950031 0.07748447 0 0.11080139 0.0664867 0.6541208 0.3972543 0.29551294 0 0.10271478 0.4798148 0 0.49668235 0.7856575 0.4567664 0.5839313 0 0.19273259 0.27510464 0.109919935 0.12735923 0.26700282 0.20689607 0.24595137 0.17678726 0 0.52059513 0.4199058 0.3198026 0 0 0.12981461 0.11645341 0.15981388 0.103051424 0.16394314 0 0.6064656 0.41863123 0.27358213 0 0.12921436 0.1059354
"20170700_S33_23" 0 0.33122024 0.18707983 2.1803713 2.6442757 3.609008 0.07292322 0.27439043 4.2770123 0.10927886 4.907725 2.6133637 0 0.10452722 0.0862564 0.15587296 0.5321849 4.630157 1.5375279 0 0.35953414 2.5931416 1.5596077 0.47621724 0.15554759 2.3930779 1.6299196 0.12851696 0.2190942 0.33163613 1.5224286 8.005368 0.9108746 0.59431994 0.4416256 5.584317 2.0758548 0 0.9835401 7.433676 0.19735666 0.8704333 0.47113305 3.78949 1.1243391 0 1.8444805 1.3522607 0.24907799 0.8331719 1.0866474 0 19.347073 2.0758865 0.6752267 0 18.775915 1.4165896 0.28293058 5.5225096 2.1285603 0.52983063 0 7.752356 4.653697 0.37095484 1.4380189 5.1340523 0.60002947
"Bog.None.R2.T0.JGI.BFC.metaspades_bin.50_93.75_3.45" 0 0.6509754 0.7623505 0 0 0.06441078 0.06988782 0.33872926 3.3537726 0 0.061863072 0 0 0.1321689 0.11446409 0.6027779 23.59032 0.80471486 0.12868242 0 11.259535 1.2680075 0.063671626 0 0 0.07597162 0.40595782 0.47313207 0.46849898 0.65049076 0.082005516 0.08654495 0 0 0 0 0.38134316 0 0.4729574 1.8611459 0.40398693 0 3.591909 0.07031199 0 0 0 0 0 0.0835989 0.17151238 0 0.44779617 0.52682006 1.0928164 0 0 0 0 0.16708301 0 0 0 1.6625835 0.2348024 0.39953995 0 0.10592769 0
"20170700_S24_14" 0.42729834 10.530659 9.037852 12.612595 14.901904 9.388693 2.5147057 9.420543 30.137123 5.2112956 11.079308 0.0645744 0.32489318 1.4501427 1.3042053 4.950021 11.863334 6.033715 5.661693 0.21686202 9.659195 14.324743 12.116776 7.130471 2.9411066 3.3174622 5.1794963 3.3324835 3.9404938 5.8466144 4.1985426 16.938652 8.28917 4.2777348 5.980256 5.7973523 29.252787 0.59539026 10.355423 20.158 3.6169004 5.8165855 3.1898105 10.125685 7.5080333 0.38072652 14.495322 13.534957 8.127212 11.40742 4.7846966 5.3896017 9.133445 26.737417 6.449462 0.08414092 7.6069155 12.688111 0.51632106 12.372078 10.642553 5.807865 1.084034 12.244571 73.779724 4.7678475 5.3618207 14.185038 7.9795938
"20120700_S1D_104" 0.056044064 5.341366 2.8357651 1.1182476 0.069956474 0.7963654 0.42408907 2.838157 10.0302925 0.095808834 1.0557342 0 0 0.24988222 0.22587968 0.46164262 4.7666073 3.4626415 0 0 2.557494 3.5117214 1.716426 0 0.16638622 0.8486104 3.0039432 0.741569 0.16793315 1.4116601 1.1570743 2.8614755 0 0 0.6326993 0.6624854 0.10672058 0 1.6736279 2.8088684 0.34374464 0.13646829 0.4136468 0.78172964 0.13045436 0 5.9939375 0.75627923 0 0.13679582 0.17073843 0.14715049 0.11408241 0 0 0 0 0 0 3.3695972 0.62590855 0 0 1.047196 0 0 0.13204245 0.82784116 0
"Bog.Unlabelled.R2.T3.F2.JGI.BFC.metaspades_bin.69_94.23_0.86" 0.16166952 15.363885 10.968307 9.079671 6.8558655 8.867505 2.167147 11.512213 44.74669 1.13057 10.805417 1.102585 0.17519192 3.1041434 2.8919082 5.136286 35.632584 22.239065 3.1813798 0.37507886 34.839184 25.878025 7.06372 2.7286494 0.97677624 3.67369 14.394919 4.653876 2.1376595 4.8721356 5.091506 15.125332 4.7875333 1.1424354 4.1693482 5.4137497 6.6630793 0.14490077 6.7945914 11.870557 7.9183054 4.172049 6.925345 6.429632 2.2796917 4.233831 10.308239 7.7325563 5.589275 2.4326897 2.532195 0.0605849 28.032444 5.616777 3.3554473 0 10.9417095 6.405571 4.0954 20.551413 10.957996 2.1589828 0.3599006 60.610622 20.63555 3.2792308 1.5071741 7.8451247 1.8652092
"20170700_S25_13" 0.33335242 18.118649 14.117123 11.696115 1.4544265 9.973724 1.3040646 2.8176968 29.457117 1.3056403 6.2945666 0.637096 0 12.507883 11.427565 0.53850126 9.822463 5.265894 3.4490554 0.45811644 2.0867112 6.6201606 2.693622 0.44808087 0.88801754 1.7803776 5.1193266 11.093126 10.249142 1.248405 3.227936 8.624536 1.2811342 0.802342 1.4921496 8.01775 10.08627 0.38681975 17.860561 8.459846 8.002263 4.806682 0.29758546 9.072677 2.7031264 1.3874023 7.023014 4.9840565 0.5121214 2.92917 1.7279669 0.13213143 9.864329 13.536563 7.5367355 0 7.1056476 6.488846 8.074645 4.435985 3.375121 1.4116603 0 12.731267 6.435918 18.25588 1.0032103 3.474631 0.6122393
"20130700_S3M_3" 0 0.28057754 0 0.121039994 0 0 0 0.15353653 0.24228887 0 0.97324556 0 0.120309554 0 0 0 0 0 0 0 1.3723966 0.09291283 0 0 0.2763415 8.153866 0.2859286 0 0 2.0653007 1.3542533 0.2908527 0 0 2.49081 1.8149433 0 0 1.2483344 2.4006426 0 0 5.40723 0.056720663 0 0 4.6685276 0 0 0 0.1429016 0 0.9474882 0 0 0 3.055665 0.17469443 0 4.8641553 0 0 0 0.5432821 0.07098788 0 1.5307208 0 0
"Bog.Unlabelled.R1.T1.F2.JGI.BFC.metaspades_bin.35_96.02_1.29" 0 1.0449184 0 0.059323 0 0.13598455 0.25026613 0.27947295 0.10122092 0 0.28263968 0 0 0 0 0.49153924 0.103747554 0 0 0 0.09591755 0 0 0 0 0 0 0 0 0.40021914 0 0 0 0 2.7016673 1.0376374 0.30714825 0 3.3233714 0.062034406 0 0 0 0 0 0 0.07906492 0 0 0.17823161 0.124232665 0 0 0 0 0 0 0 0 0.41177604 0 0 0.060537826 0 0 0 0.083970666 0 0
"20120700_S1D_51" 0 1.1485187 0.41271785 1.1863761 0.19328927 1.3450869 0.2626878 4.2833114 3.6471574 0 1.4936206 0 0 0 0 1.381935 0.64830893 1.5799608 0 0 5.5977716 2.0575104 0.17181328 0 0 0.58621824 0.7120413 0.2199325 0.062111985 2.4210582 0.9564242 1.0287281 0 0 0.32042554 0.6179802 0 0 0.86976385 4.385137 0.41418543 0 0.48176405 0.67231643 0 0 2.6640484 0 0 0 0.057690132 0 3.7590575 0.36641762 0.1150508 0 1.4090865 0 0 3.844785 0.1686999 0 0 4.251638 0.10322339 0 0.7811774 1.614562 0
"Bog.Unlabelled.R2.T2.F2.JGI.BFC.metaspades_bin.16_87.66_1.12" 0.2696874 20.19183 8.543998 5.0456595 2.1638734 7.91066 1.010797 2.8310003 19.298185 1.9929303 4.131544 1.7417519 0 17.031181 15.626849 5.1074815 30.794516 11.7910595 5.0758567 0.7820313 8.341544 6.0518904 3.291135 1.933627 0.24355051 2.6763225 4.2099724 6.5675035 11.673418 4.40674 2.6036763 5.4260983 1.4932187 4.699394 2.970466 6.5588493 12.714247 0.2847 4.825527 13.624155 17.470093 3.359369 0.5455933 2.1833313 1.7168856 1.5618976 2.7220163 2.3462813 1.2019415 3.627452 2.7149832 0.3009716 43.81837 7.5974326 12.211899 0 4.2036 4.2607765 1.5001497 11.266302 2.022478 0.75717235 0.28374726 34.882454 21.625896 3.2813993 1.1663706 4.3272967 0.8983894
"20120700_S1D_76" 1.602411 22.364534 14.664248 3.198811 0 14.778796 1.9319986 6.2798715 19.084486 0.74103826 14.143566 0.09609871 1.3171949 3.1207461 2.7322736 1.6912752 12.320118 6.2185507 1.0739021 0 2.93641 4.9027805 1.8283939 0.091951646 6.6780286 11.631466 11.652716 18.164492 7.8713384 6.7719636 5.6978164 22.76119 0.23089433 0.39213535 8.853316 21.11417 4.380829 0.88811886 3.8373568 44.741283 5.8283496 0.26864138 2.5962288 6.8401527 1.8259481 0.14523464 10.173297 3.8355963 0 1.3384181 1.046704 1.447319 12.3839245 2.235725 0.9456047 0.27568796 19.483442 2.8208015 5.9796057 11.476049 4.457719 0.15190905 0.49583906 16.819977 0.5071732 2.074327 2.2220743 6.258758 0.06075277
"20111000_S1D_12" 0.40369323 0.4732757 0 0.29185492 0 0 0.079455726 0.58769536 0.33532327 0 0.6202924 0 0.95102865 0.10902315 0.093359716 0 0 0 0 0 0.28999966 0.09479741 0 0 5.8938875 0.8286764 0.13898575 0 0 2.0035396 1.1025269 0.35182896 0 0 1.530385 0.1313223 0 0.49273604 11.654599 8.973018 0 0 8.586721 0.7597171 0 0 3.1319544 0 0 0.101101466 0.17423967 0 0 0 0 0 0 0 0 4.9184527 0.07248505 0 0 0 0 0 1.8171458 0 0
"20120700_S1D_63" 0 0.628624 1.2005585 0.4767474 0 0.50769836 0.10659259 0.38834965 4.197434 0 0.49446413 0 0 0 0 0.15754746 2.2027485 0.46555912 0 0 2.4149895 0.8752571 0.37745008 0 0 0 0.34370935 0.2600397 0 0.12854064 0.056322753 0.774367 0 0 0 0 0.20167537 0 0.63106686 0.77812016 0.52868134 0 0 0.16455893 0 0 0 0.27229744 0 0 0 0 1.6323665 0.17238802 0 0 0 0 0 0.33787033 0.21504895 0 0 3.673031 0.11809704 0.056252617 0.09911837 0.4676177 0
"3300022861_2" 0 0.42898184 0.15284342 0.15292452 0.11394441 0.16588458 0 0.15301518 0.6907648 0.069491304 0.42584834 0.12936366 0 0.2714759 0.22137283 0.15105712 0.5433564 0.605892 0.11716608 0 0.32582647 0.26359445 0.23280066 0 0 0 0.75455934 0.19806305 0.2009383 0.19484057 0 0.2912164 0.14743336 0.176039 0.09850098 0.15030636 0.72394717 0 0.5943043 0.36240593 0.3304017 0.37296715 0 0.09019909 0.08524731 0 0.11211833 0.18877289 0.08894423 0.19118239 0.27339804 0 0.7144588 0.40292066 0.2989956 0 0.19080247 0.28896323 0.44928432 0.95779276 0.16202627 0.10875843 0 1.7450634 0.6385745 0.26711148 0 0 0.080028206
"20150700_E23_6" 0 1.239463 0.26561442 0 0 0.12145863 0 0 1.0969934 0 0 0 0 0 0 0 4.054012 0 0 0 0.9054375 0.08792469 0 0 0 0 0 0 0 0 0 0.13921435 0 0 0 0 0 0 0 0 0 0 0 0 0 0 0 0 0 0 0 0 0.31526822 0 0 0 0 0 0 0 0 0 0 0.23767392 0 0 0 0 0
"20120700_S1D_86" 0 0 0 7.8356347 1.0420911 0.1751483 0 0 2.8348284 0.08245431 6.1297235 0 0 0 0 0 0 0 0 0 0.073092006 6.601894 1.4408776 0.07356496 0 0 0 0 0.19363669 0 0.6141947 2.9451258 0.058251444 0 0 0 0 0 1.3456088 0.22999756 0 0 0.19356509 2.233241 2.4316516 0 3.9149618 5.1327133 0.05797394 0.40419638 0.6167391 0 0 0 0 0 0.73664343 0 0 1.2338684 3.3083756 0.115102366 0 0 0 0 0.060360894 4.1037564 0.9324102
"20120600_S3M_3" 23.169186 71.98306 34.26828 16.77442 0.15308921 10.042233 7.2258067 75.87311 71.10806 0.8350843 77.5488 0.38973716 16.101854 1.2515854 1.1564261 21.80594 29.423407 1.9861982 0.16324124 0 35.335308 42.63151 1.7690307 0.40221703 99.68794 158.10413 97.991135 12.179152 8.982654 40.422176 58.571 27.322428 0.71426 0.53865695 111.75512 119.01937 2.5415232 9.587262 73.689735 161.14626 0.7531892 0 61.35144 49.18434 4.731041 0.3857962 336.6148 2.6273828 0.23313579 4.0571404 5.935117 55.30933 8.634387 0.3888584 0.26468796 5.7568526 152.98094 6.8062286 0 86.166885 8.345386 0.15063733 62.68352 17.871351 0.08040319 0.4935984 25.425375 31.629753 0
"20111000_S1D_6" 0.810858 0.17593542 0 0.10857347 0 0 0.26025215 1.810938 0.79162115 0 0.44420305 0 0.14915052 0 0 0 0 0 0 0 1.9079295 0 0 0 1.4033537 0.91349447 0 0 0 1.4520017 1.7913226 0.3486721 0 0 6.948675 0.44098446 0 0 0.7994818 1.5709901 0 0 6.78094 0 0 0 5.779717 0 0 0.10526366 0.29302773 0 0 0 0 0 0 0 0 0.30147886 0 0 0 0 0 0 0.2563309 0 0
"20120700_S1D_21" 0 0 0 0.36735845 0 0 0 0 1.1604669 0 1.07879 0 0 0 0 0 0 0 0 0 0 0.6512206 0 0 0 0 0 0 0 0 0.9602577 1.7310323 0 0 0 0 0 0 0 0 0 0 0.20222172 1.3133805 0 0 2.759931 0 0 0.14366712 0.19733374 0 0 0 0 0 0 0 0 1.4787562 0.31491512 0 0 0 0 0 0.11775483 2.336314 0
"20120700_S1D_48" 0 1.1807356 0.07367348 0.71552485 0.06539835 0 0.0667478 0.15616255 2.875577 0 0.9390221 0 0 0 0 0 0.13005272 0.069079764 0.0559307 0 0.15418324 2.2198613 0.18327329 0 0.15996124 0.37701702 0.27306986 0 0 0.08381886 0.35402897 1.4231514 0 0 0 0.05569787 0 0 0.52013797 1.702971 0 0 0.1325397 0.6854624 0 0 1.9715221 0.06627611 0 0.10780483 0.19389734 0 0.08051547 0 0 0 0 0 0 1.7623293 0.44546217 0 0 0.19498779 0.1192304 0 0.557506 1.0324119 0
"Bog.Unlabelled.R3.T3.F3.JGI.BFC.metaspades_bin.143_96.29_0.88" 0 0.512458 0 0 0 0.13174774 0.09402115 0.17977023 0.4800744 0 0.3901561 0 0 0.13972326 0.13820575 0 0.118334144 0 0 0 2.620311 0.13132064 0.12285051 0 0 0 0.76427174 0.0861362 0.2014979 0 0 0.12942484 0.06584563 0.07153711 0 0 0.69730926 0 1.9623758 3.462703 0.57927525 0.34946543 0 0 0 0 0 0.30923775 0 0 0.0847052 0 0 0.54260135 0.10790948 0 0.05920874 0.33142188 1.0011805 1.2296034 0 0.09395859 0 1.9938534 0.31440818 0.45576933 0 0 0.5325315
"20120700_P3D_24" 0 0.26987234 0.067156024 1.579199 1.3150629 0 0 0 0.5869919 0 0.08997098 0 0 0 0 0 0.29285586 0 0 0 0 0.08396742 0.24884386 0 0 0.107481815 0.092838444 0 0 0 0 0.36834177 0 0 0 0 0.092512235 0 0.22360504 0.17634118 0 0 0 0.07644409 0.07277582 0 0 0.14443739 0 0.2004936 0 0 0.21517694 0 0 0 0 0 0 0.08525691 0.14443387 0 0 0.13951544 0 0 0 0 0
"20120700_S1D_45" 0 10.371156 0.4573551 1.1273534 0 0 0.15162674 0.5476622 2.137642 0 0.7278669 0 0 0 0 0.18802164 7.423014 0 0 0 0.7367287 0.21023417 0.056086503 0 0 1.6511524 1.3826609 0 0 0.32754236 2.4034662 0.98161095 0 0 0.5606014 2.260929 0 0 1.3116227 16.613976 0 0 0.18987565 1.289285 0 0 2.9273353 0 0 0.07666368 0 0 0 0 0 0 0 0 0 1.3323178 0.13472293 0 0 0 0 0 0 4.633179 0
"Bog.None.R2.T0.trimmomatic.megahit_bin.358_96.68_6.10" 1.1001449 3.822391 0.09747213 0.36955568 0 0.29842693 0.45509484 7.4134007 1.2806569 0 3.674419 0 0.8150115 0.09235537 0.091522604 5.333777 2.2489974 0 0 0 3.4521818 1.5199515 0.0580308 0 7.8114853 4.1261463 1.3419526 0.102916665 0 9.35085 5.411405 1.6999779 0 0 7.9009967 6.160212 0.067912 0.8367574 12.310893 15.620485 0 0 10.565046 2.9281974 0.05931665 0 5.7981453 0.073775485 0 0.50450295 0.5312087 4.87681 0.99082464 0 0 0.19290513 23.83733 0.78107643 0 15.243071 0.8598235 0 9.639198 0.40051085 0 0.056823965 9.312157 2.8795998 0
"20111000_S2M_4" 0 1.7359861 0.1463771 10.738815 0.38151237 5.2582192 0.36724228 0.480874 7.96329 0.1582684 17.618744 0.09970499 0 0.1219231 0.124693386 0 2.3389823 0.3980213 2.0668678 0 0.6422688 6.5184913 0.56499827 0.087963074 0 0.1389381 7.2492547 0.9877996 0.35100022 0.40699178 9.054702 63.006523 1.6821499 0.27310088 0.19985433 12.3954315 20.019917 0.16408238 0.11290365 16.296053 15.778085 0.7045954 0.23524246 23.033453 19.597132 0.39556664 15.051873 3.470277 0 1.1275313 1.0914012 0 1.3543915 0.08790403 0.59638643 0 0 0 0 5.2849298 30.28812 1.7622083 0 0.09774604 0 0 0 32.736492 0.6024647
"20110800_S2M_9" 0 2.5552535 3.489085 7.1979537 0 1.4750115 0.2477433 0.17256722 9.40283 0.11492195 1.5136853 0 0 0.8509035 0.82106984 0.104075715 2.502827 3.6542554 0.11178175 0 0.24516347 4.2414703 2.6254518 0 0 0 5.870005 7.985347 0.3340303 0 0.6996042 2.5762153 0 0 0.19421344 2.6405048 1.4047502 0.13382512 0.40821153 0.8080891 42.54486 0.19192955 0 1.3703151 0.088425346 0 0.113485895 8.512873 0 0.20203377 0.12586288 0 8.260208 0 0 0 0.24018547 0 1.1711231 3.2960546 0.17764646 0.09634328 0 10.157986 0 0.20453489 0 0.74576515 0
"20140700_S33_15" 0 0.57662183 0 0.14874005 0 0 0.31039602 2.1533992 0.43402165 0 7.1597505 0 0 0 0 2.56377 1.079006 0 0 0 1.2375293 0 0 0 0 5.1273556 0.17225718 0 0 2.8786793 4.467327 0.56634915 0 0 0.7084278 11.7037325 0.07665891 0 0.4235374 38.28718 0 0 0.7308192 0.20470956 0 0 3.6401281 0 0 0.13087784 0.17271599 0.064271905 0 0 0 0 2.242984 0 0 6.9868026 0 0 0 0 0 0 0.2466326 0.86037946 0
"Bog.Unlabelled.R3.T3.F3.JGI.BFC.metaspades_bin.2_81.64_4.58" 0.21581984 8.445053 0 8.015266 0.47834542 0.44662035 1.9298007 7.291273 9.309264 0.24583714 3.0088112 0 0.37574536 0 0 4.8428917 27.354324 0.268077 0.19964029 0 2.7295861 3.9375958 1.6403455 0 0.7339574 2.424421 0.36618143 0.08584518 0 8.387941 3.9105859 5.913017 0.19987057 0 4.2612667 7.5943656 0.2729656 0.107061595 2.5999901 4.5042925 2.346864 0 4.010778 1.0579008 0.41812626 0 5.3292904 2.2752192 0 0.94378245 0.46017924 1.2968593 0.7261059 0.083145395 0 0 4.025567 0.12547368 0 4.4602747 0.09500206 0 1.8381636 0.8199247 0 0.060341116 5.71065 0.30901492 0.08123586
"20120700_S1D_87" 0 0.3770852 0 0 0 0 0.96931803 3.9022481 1.7607912 0.063301645 3.0374582 0 0 0 0 0.9681646 1.0331093 0 0 0 1.1024543 0.10785664 0.09420742 0 0 0.18488915 0 0 0 3.9422727 3.2041366 0.69574386 0 0 0.6670933 0.6482588 0 0 0 0 0 0 0.9535449 0 0 0 3.773643 0 0 0.056069035 0 0.12449836 0 0 0 0 4.550432 0 0 1.384836 0 0 2.2721431 0 0 0 0.98758215 0 0
"20120700_S1D_31" 0 0.5145685 0 0 0 0 0 0 1.7356044 0 0 0 0 0 0 0 0.45219254 0 0 0 0 0.099712715 0 0 0 0 0 0 0 0 0 0.2197493 0 0 0 0 0 0 0.11851992 0.20116578 0 0 0 0 0 0 0 0.26461005 0 0 0 0 0.06037839 0 0 0 0 0 0 0 0 0 0 2.3897803 0.29461432 0 0 0 0
"Bog.Unlabelled.R3.T1.F2.trimmomatic.metaspades_bin.145_91.02_1.42" 0 2.108307 0 0 0 0 0 0 0.10277083 0 0 0 0 0 0 0 1.2063465 0 0 0 0 0 0 0 0 0 0 0 0 0 0 0 0 0 0 0.077262305 0 0 0 0 0 0 0 0 0 0 0 0 0 0 0 0 0.8120355 0 0 0 0.84209645 0 0 0.38012204 0 0 0 0.98145115 0 0 0.07989177 0 0
"20120700_S1D_6" 0 3.0731268 0.1437807 0.23472105 0 0.38414693 0.16594642 0.30772248 4.366067 0 1.7602639 0 0 0 0 0.4069369 3.4036057 0.3553413 0.107070744 0 0.6974894 0.7056064 0.09903386 0 0.06844903 0.64041185 0.21953325 0.08534109 0 0.22232546 0.42476258 1.0794345 0 0 0.08977644 0.9359815 0.42815074 0 1.8046879 1.708652 0.093832 0 0.2510465 0.33024073 0 0 0.35263056 0.06269749 0 0.15217148 0 0.08556828 1.4992038 0.17957878 0 0 1.6388205 0.062217914 0 0.61601466 0.22412226 0 0.16737828 1.2957057 0 0 3.5266674 0.2279154 0
"3300037040_8" 0.08864903 7.8287096 9.99965 0.31418708 0 0 0 0 0.21178292 0 0.2311325 0 0 1.0162936 1.0069563 0.13695958 2.357193 0 0.23956814 0 0 0.08222562 0.061534803 0 0.069762014 0.68904084 3.6964798 13.004811 5.6372933 0 0.16426013 1.4039358 0 0.09153993 0 0.23087586 0.40622622 0 0.29621238 1.3786223 0.18078563 0 0 0.32421884 0.262401 0 0 0.57277083 0 0.52782655 0.32958755 0.11283067 1.1814293 0.11544057 0.07607116 0 2.0939984 0.23908775 0.27252972 0.14859499 0.09972821 0.08267889 0 0.6962608 0 0.08308998 0.22155151 0.50748575 0
"20140700_S12_15" 1.6770053 18.588333 14.072546 5.7805243 1.4040133 4.055575 2.429029 12.009926 17.614363 2.6495461 19.326958 0.65547234 1.1575674 1.7284919 1.6685683 22.205215 18.115932 0.53916454 7.6757956 0.3958705 5.233272 5.1457705 0.84867877 1.0178045 3.502364 5.9693475 8.066404 2.3747714 1.9550327 7.6527348 18.840137 24.373531 0.75972956 4.1885877 8.918341 9.848544 4.268394 1.0813267 11.201871 35.325005 1.8892702 0.3426235 4.8970323 18.173712 3.2732244 0.8067118 4.7129016 0.68122816 0.6806926 9.705818 2.6246405 3.4076798 2.5599892 1.4692512 1.7396472 0.325292 6.7263713 0.91178477 3.5518506 7.5911927 2.4783762 2.486486 2.7677727 6.1810813 0.22520874 2.5905054 11.929655 11.09219 2.9590373
"Bog.None.R1.T0.trimmomatic.megahit_bin.264_75.64_3.36" 0 1.5845374 0 0 0 0 0 0.18356606 0.17818609 0 0 0 0 0 0 0.78316385 1.8838416 0 0 0 0.648499 0 0 0 0 0.11736732 0 0 0 0.5313975 0 0 0 0 0.7118123 0.13796936 0 0 0.19037348 0.21227978 0 0 0.062416263 0 0 0 0.36471286 0 0 0 0 0.29520622 0 0 0 0 0.09984417 0 0 0 0 0 0.27704924 0 0 0 0.10330053 0 0
"3300037360_7" 0 2.0377047 0.8349156 0.7811586 1.0174515 0.39675954 0.07842571 0.1732228 2.0569859 0.2568905 1.936949 0.3402319 0 0.41145155 0.44085476 0 0.82764316 1.1562252 0.4498944 0.080157064 1.2863164 1.4515685 1.2354038 0.30175072 0 0.1335352 1.3483927 0.4932615 0.15636356 0.1994437 0.2787944 1.5533851 0.73950243 0.42527637 0 0.2843761 1.5035996 0 0.23849301 1.176976 0.8057678 0.5002452 0.12552026 0.60412884 0.35000673 0.08436733 0.24688779 0.96051157 0.40640792 1.531011 0.49684027 0 0.58635193 0.3927918 0.13618296 0 0.13569789 0 0 1.5433851 0.74417305 0.37163803 0 1.6781893 1.7600485 0.35300404 0.11850399 0.74069995 0.60794264
"20120700_S1D_27" 0.09417989 13.027142 8.345591 0.34320024 0.42678133 0.7270119 1.0225062 6.646332 9.340001 0.26819193 6.0388913 0.06981255 0 0.58663446 0.6259366 3.9794893 6.5057826 7.579146 0.78818357 0 7.854264 2.498374 2.1036413 0.06004167 0.12501258 0.9972189 7.220081 4.0187354 0.95937043 9.319002 1.1880256 3.7499924 0.2165975 0.09076111 3.1339736 2.108738 1.469768 0.09417989 1.8426135 4.023656 1.4347004 0.29715598 0.63737637 1.5468322 0.27197748 0.056991007 2.2594013 0.8830655 0 0.90417385 0.45106587 0.14641239 0.5414729 0.5260471 0.057954066 0 1.1532633 0.11556362 0.1741855 13.205421 5.450704 0.20372224 0.3335159 2.001441 0.31158343 0.19757849 2.1064706 1.4277858 0.073204994
"PLSW01" 0 1.3425151 0.38666648 0.19849192 0 1.0648236 0.0978833 0.26454046 3.248881 0 0.5070169 0.10785231 0 0 0 0.37444973 3.105363 0.7686856 0.19046465 0 0.6280538 0.19162032 0.0989086 0 0 0.09216942 0.47246385 0.10516275 0 0.31359562 0.5422988 0.5282034 0 0 0 0.49938595 0.51265293 0 0.21805038 0.19880675 0 0 0.18159382 0.056164403 0 0 0.6503437 0.18464439 0 0.06884856 0 0 0.9249197 0.54760617 0.12872715 0 0.26816025 0 0 0.431598 0.0813702 0 0 0.34181622 0 0.088500045 0.18099742 0 0
"20120700_S1D_84" 0 5.2427216 0 0 0 0.23044166 0.9225623 2.195325 20.163095 0.32579258 0.75759935 0 0 0 0 4.155421 15.316646 1.0935653 0.19418642 0 1.9918988 0.7091835 0.12555031 0 0 0.5745766 0.4733644 0 0 6.6289077 1.8702986 0.7388027 0 0 4.3832426 0.993338 0.06287326 0 0.70394444 0.18434215 0 0 1.0413867 0 0 0 0.6624609 0 0 0 0 0.31159592 0.22301115 0 0 0 0.10277888 0 0 0.41471317 0 0 0.37295264 0 0 0 0.9205722 0 0
"20120700_S1D_20" 0 4.677212 1.0602363 1.019609 0 0.12557219 0.14927869 2.6880634 2.7413058 0 0.9209011 0 0 0 0 1.2818836 4.9876075 0.28914723 0 0 3.0558867 0.13720603 0 0 0.075085565 0.41794088 0.7797364 0.07824021 0 1.5337946 1.1132777 0.34346446 0 0 1.2117972 1.589789 0 0 0.9711946 2.130836 0 0 1.5261829 0.8585358 0 0 1.3758588 0 0 0.12343151 0.13407907 0.6442323 0.9499704 0 0 0 0.59170014 0 0 1.1022781 0 0 0.28613615 0.95508933 0 0 0.05609337 0 0
"PLSL01" 0 0.2677797 0.15787874 0.06905614 0 0.07558688 0 0.088716336 1.3518515 0 0 0 0 0 0 0 0.5159818 0.17863007 0 0 0.79511833 0.18778785 0.060875215 0 0 0.07892731 0.43647018 0.07913056 0 0 0 0.12851322 0 0 0 0 0.06228339 0 0.18174687 0.897451 0 0 0 0 0 0 0.14406003 0.11504677 0 0.096121654 0 0 0.14506502 0 0 0 0 0 0.14992434 0 0 0 0 0.2888607 0 0.060270984 0 0 0
"20170700_S33_24" 0 3.3415923 5.409367 0.820311 0.15711552 2.8490124 0 0.36217228 0.4836125 0 9.450436 0 0 0.10896193 0.11113199 0.18382597 0.15666264 0.41780916 0.14406562 0 1.1728904 0.7031121 0.089088924 0 0.1710536 1.527069 3.2990837 6.440406 3.9770808 5.745157 4.3527985 8.38905 0.3545167 0.07449193 5.806657 4.3398333 0.95606345 0.08045572 1.5676612 10.550504 0.61356723 0 15.502121 6.2664647 0.72792625 0.058663696 1.6837779 0.59407544 0 0.64921075 0.5498544 0.55816364 0.55385345 0.682407 0.13720948 0.07413724 10.81193 0.9286857 0.15231818 14.082522 1.0587249 0.25266144 0.8272545 0.39933074 0 0 4.5753055 6.5103793 0.29362252
"20120700_S1D_95" 0.36435398 5.764952 5.158145 0.0661887 0 0.21926631 0.48760983 1.4182298 2.007738 0 0.8038585 0 0.31023884 0 0 2.8700862 4.795506 0 0 0 1.6462309 0.11420435 0 0 0.6292049 0.92194307 2.0709312 0.13471067 0 1.0401276 0.79291725 0.13407889 0 0 1.4955211 1.9689276 0 0.13691008 1.3916438 3.7532947 0 0 1.379103 0.42695984 0 0 2.96327 0 0 0.10649411 0.10387653 1.2052696 0.19417924 0 0 0.6390571 8.097883 0.26748952 0 1.8835714 0 0 1.6415985 0 0 0 1.1615807 0 0
"Bog.Unlabelled.R3.T3.F3.trimmomatic.metaspades_bin.78_85.95_1.00" 0 0.6387433 0.8033521 0.14929676 0 0.35713792 0 0 1.4632707 0 0.0994829 0 0 0 0 0 0.80002695 0.94862974 0.07919447 0 0.32793984 0.14358059 0 0 0 0 0.20176628 0.12669162 0 0 0 0.34637782 0 0 0 0 0.19880323 0 0 0.10511643 0.14828777 0 0 0 0 0 0 0.3429157 0 0 0 0 0.31842804 0.09145767 0 0 0 0.16440533 0.6440788 0 0 0 0 1.0830604 0.0747515 0.16511483 0 0 0
"20150700_S23_3" 0.41115293 23.311865 29.794195 18.321486 3.3539262 41.327698 1.5902127 1.6112381 73.05945 3.0909407 24.86778 1.7307165 0.10633247 22.151375 22.188442 0.13330403 4.19091 51.689613 6.6986485 0.7601048 8.2242775 65.35016 20.761429 2.0642436 0.66908723 16.490187 21.07268 10.532348 3.7398136 1.6989558 10.258935 48.712082 3.239226 2.5414054 0.43180165 5.652732 21.09828 0.3650382 9.994829 35.2977 5.138755 7.3259783 1.4003154 19.279953 3.8604658 2.4076998 37.285034 5.2831254 1.2583392 7.113155 5.6771584 0 5.888853 2.3738437 1.1237115 0.31217626 18.486492 4.1368723 3.0424201 14.110266 22.298595 2.5798912 0 5.596289 17.531538 1.6096348 2.087953 36.178795 1.9126184
"Bog.None.R3.T0.JGI.BFC.metaspades_bin.148_73.61_7.22" 0 0.8854778 1.0709409 0.54518116 0.70077515 2.4346774 0.1142844 0.7991787 0.72305024 0.4959301 0.7089835 0.4868859 0 4.4167404 4.3808827 0.09855646 2.6513178 4.224823 0.46875533 0.13546208 1.3075566 0.59094113 0.8350507 0.52574486 0.31331533 1.5664849 0.61976445 2.3262098 0.69862354 1.1857694 0.3805029 0.730197 0.6484939 0.6302341 0.24658549 0.4118412 1.2492318 0 3.651649 5.4309087 1.1358819 0.6756244 0.6107213 0.2656748 0.3741551 0.47262508 0.34832457 0.45645362 0.3833844 0.67130953 0.6211941 0 1.6599259 0.37187323 0.32793897 0 8.444463 0.84823304 1.0761532 0.77511007 0.51568866 0.49141857 0 0.7431526 0.99683535 0.56377375 0.21219116 0.3956687 0.52789223
"20120700_S1D_28" 0 1.9023305 3.1735542 1.4040889 0.17207788 0.5215252 0.07407789 0.2814563 1.5712278 0 1.1351918 0.12781738 0 0.40064332 0.33744076 0 1.0546238 0.15290412 0.2120723 0 0.3433682 0.18216346 0.3247567 0 0 0.5720604 0.5751504 0.46467406 0.37942076 0.15649796 0.44975603 0.33444437 0.11713302 0.11675894 0.06579174 0.9368839 1.3563164 0 0.32622546 0.49179143 0.6485323 0.31062153 0 0.40506637 0.2718849 0.07817639 0.09124112 0.37009573 0.096462466 0.47267804 0.117477104 0 0.28132364 0.16784143 0.11760854 0 0.32975745 0.096148506 0.52055925 0.55924374 0.4140107 0.11927751 0 0.94633234 0.62068915 0.11165422 0.1316212 1.0235686 0.13329968
"20120600_S2M_11" 0 0 0 0 0 0 0.15451801 0.3008381 0.27112153 0 0.68424356 0 0 0 0 0 0 0 0 0 0.72433156 0 0 0 0 0 0 0 0 1.018081 0.2900957 0.07105477 0 0 0 0 0 0 0.2675921 0 0 0 0.8767382 0.5682679 0 0 1.16245 0 0 0 0 0 0 0 0 0 0 0 0 0.06250596 0 0 0 0 0 0 0.4074087 0 0
"PLTN01" 0 3.9219346 2.794639 3.630882 1.4533662 4.3131213 0.09804799 0.5180678 3.6240275 1.0890976 5.6158566 0 0 0.7247816 0.7271843 0.26030406 4.5690637 0.3708077 2.0921721 0 0.35383457 3.799757 0.43640795 0.9320312 0 0.6870802 2.7393034 1.0928938 3.177791 0.16174497 1.5463855 9.921455 2.519313 1.0255805 0.18409769 3.0742345 2.3310888 0 0.18483259 5.455288 2.3213937 0.43246487 0 5.4047055 6.9807563 0.13212377 1.2600079 4.129821 0.3123171 1.0914909 0.56382066 0 3.3773422 3.9979064 2.8248298 0 6.533242 1.8136892 0.66181093 1.3507359 3.0120587 2.2743378 0 0.6738773 2.0527568 1.2230557 0 5.5429635 4.2644024
"20120700_S1D_69" 0.29315946 4.0370536 3.0971026 0.29025435 0 1.3647717 0.20828429 3.842471 2.1073256 0 0.82135826 0 0.26427063 0.060474228 0.060970955 1.3678064 4.0643377 1.427483 0 0 2.1534975 0.62116945 0 0 1.7911808 1.1181656 1.4515817 2.1384008 0.70426327 1.3181465 0.8718158 0.42598048 0 0 0.9199269 2.2051978 0 0.08258238 1.8731807 4.6035533 0.25827497 0 0.6479558 0.4691526 0 0 1.1562654 0 0 0.13187909 0.16054848 2.3065913 1.9867117 0 0.12349561 0.22914301 4.5445266 0.24666719 0 0.8065051 0 0 0.4851025 0.45296565 0 0 1.3564141 0.45064938 0
"20140700_S21_17" 0.43893498 21.15045 7.9906645 0.6177975 0 0.7377007 1.235593 7.8579354 9.221606 0.15158528 2.535569 0 0.10324611 0.28528565 0.27493453 9.041561 15.978973 0.63831383 0.14074647 0 16.60193 2.1919172 0.1986083 0.06447536 0.9649005 5.233949 2.7953053 0.6717071 0.056695145 9.285725 2.1526365 1.1213634 0 0 14.38594 3.0883272 0.18912862 0.3733198 9.471927 36.025894 0.20843716 0 2.7035823 1.4941437 0.13580203 0.08632046 6.163111 0.24162908 0 1.6199493 1.2012519 9.398412 1.692183 0.14187789 0.16316733 0.08421226 2.2290492 0.3133283 0 2.1408346 0 0 1.4203893 0.79270756 0 0.13611057 0.1639778 0.36855873 0
