"genome" "711_S-1-S" "711_S-1-M" "711_S-1-D" "711_S-2-M" "711_S-2-D" "711_S-3-M" "712_S-1-S" "712_S-1-M" "712_S-1-D" "712_S-1-X" "712_S-2-D" "712_S-2-X" "712_S-3-S" "712_S-3-D" "712_S-3-X" "713_S-1-S" "713_S-1-M" "713_S-1-D" "713_S-1-X0" "713_S-1-X1" "713_S-2-S" "713_S-2-M" "713_S-2-D" "713_S-2-X0" "713_S-3-S" "713_S-3-M" "713_S-3-D" "713_S-3-X0" "713_S-3-X1" "714_S1_1-5" "714_S1_5-9" "714_S1_10-14" "714_S1_20-24" "714_S1_30-34" "714_S2_1-5" "714_S2_5-9" "714_S2_20-24" "714_S3_1-5" "714_S3_5-9" "714_S3_10-14" "714_S3_20-24" "714_S3_30-34" "715_S1_1-5" "715_S1_10-14" "715_S1_20-24" "715_S2_10-14" "715_S2_20-24" "715_S3_20-24" "715_S3_30-34" "716_S1_1-5" "716_S1_10-14" "716_S1_20-24" "716_S1_30-34" "716_S2_1-5" "716_S2_10-14" "716_S2_20-24" "716_S2_30-34" "716_S3_10-14" "716_S3_20-24" "717_S2_1-5" "717_S2_10-14" "717_S2_20-24" "717_S2_30-34" "717_S3_1-5" "717_S3_10-14"
"3300037134_11" 0.93322545 31.293966 0.23295306 0 0 0 0.16170226 2.4170978 0.3434574 0 0.35024375 0 0.36384457 0 0 6.108305 1.4723963 0.11864101 0 0 1.5680768 0 0 0 2.2271066 4.471491 0.26772374 0 0 2.960341 0 0.05997498 0 0 14.870891 8.995678 0.16490762 0 0.55928826 7.5509315 0 0 1.519578 0 0 0.18237239 0 0 0 3.78267 0 0 0 0.24465582 2.0903554 0.105046816 0 0.60607773 0 5.223387 0 0 0.0709761 0.68074906 0
"Bog.Unlabelled.R3.T2.F3.trimmomatic.metaspades_bin.5_81.58_0.43" 3.8312676 0.668867 0 0 0 0 1.8321742 6.3064604 0.264459 0 0.62259036 0 1.8212839 0 0 4.339355 0.34886795 0 0 0 3.5335178 0.07614634 0.086069405 0 1.5450922 0.07295644 0 0 0 2.7228487 0.09703717 0 0 0 3.4403634 0.13658024 0 0.35362807 0 0.4014504 0 0 1.5906621 0 0 1.2820526 0 0.07713999 0.07006769 1.1299963 0 0 0 2.1884449 0.41552138 0 0 0 0 4.718287 0 0 0 0.41847464 0
"Bog.Unlabelled.R3.T1.F3.JGI.BFC.metaspades_bin.53_92.50_2.78" 7.6428723 1.9866918 0.2885865 0.19699623 0 0.0653478 6.009351 9.354153 2.4348686 0.08713282 1.322842 0 3.5768821 0.10225828 0.0983773 6.699097 4.3248568 0 0.060785268 0 13.540412 0.39911723 0.22488369 0 3.4336743 2.3584354 0.27349374 0.3349224 0.17569019 7.283132 0.59278566 0.45044893 0 0 2.9131458 0.9057677 0 0.7841351 1.4587059 3.8869584 0 0 3.4322646 0.14865232 0 3.7361815 0.19473267 0.42872113 0.32536772 2.0886757 0 0.06490423 0.06513949 1.0294374 1.1067705 0.07840833 0 0.9792281 0 3.3427591 0.07797839 0 0 0.94163877 0
"20120700_S1D_96" 5.98003 2.4239287 0.07073237 0.11397672 0 0 1.3319377 8.19855 2.162569 0.103047095 0.77620417 0 3.3675835 0 0 12.290386 2.6479104 0 0 0 11.731516 0.20938577 0.15993342 0 13.609496 2.573198 0.14554773 0.057647284 0 7.075541 1.0104169 0.2815086 0 0 11.724368 1.6421399 0 0.9621205 6.7650046 3.3622415 0 0 9.509423 0.069305375 0 0.42865947 0 0.7648771 0.65164405 12.14886 0 0 0 0 1.6595633 0 0 3.2012386 0 6.9119687 0 0 0 5.537818 0
"20120600_S1S_4" 23.280481 4.272142 0.3510824 0.6462821 0 2.8334858 11.056484 100.85581 26.621964 0.8223868 7.707775 0.13599554 15.080535 0.18474853 0.15655416 65.46544 37.451965 0.35732368 0.4477694 0.06068729 180.82376 1.7009766 0.99372596 0.17107947 41.822456 4.6786933 0.45763755 0.25487527 0.059722606 40.30949 2.870357 2.7633235 0.09070428 0.09357609 64.30349 33.681255 0.6178264 17.16235 21.721916 15.413114 0.09608316 0 29.558691 0.36073816 0.08072715 0.123424605 0 0.71899205 0.94389147 37.469955 0 0.24250007 0.20325713 14.553182 0.36673534 0.52052057 0 3.4898365 0 90.0518 0.42574123 0.13371587 0.88637793 18.754831 0
"Bog.Unlabelled.R1.T2.F3.trimmomatic.metaspades_bin.68_86.32_3.16" 0.37969378 1.173212 0 0 0 0 0.2553123 1.5076122 0.6153419 0 0.11150487 0 0.055808734 0 0 6.6382756 2.2027683 0 0 0 5.4837713 0 0 0 0.28002983 0 0 0 0 2.7583797 0.078523606 0 0 0 2.0099928 0.22420874 0 0 0.16945486 0.16516739 0 0 1.055052 0 0 0.09594628 0 0 0 7.027889 0 0 0 0 0.16958849 0 0 0 0 5.2366066 0 0 0 0 0
"Palsa.Unlabelled.R2.T3.F3.JGI.BFC.metaspades_bin.234_85.78_3.99" 0 0 0 0 0 0 0 0 0 0 0 0 0 0 0 0 0 0 0 0 0 0 0 0 0 0 0 0 0 0 0 0 0 0 0.1723369 0 0 0 0 0 0 0 0 0 0 0 0 0 0 0 0 0 0 0 0 0 0 0 0 0.07196048 0 0 0 0 0
"20110800_S1S_3" 1.5469834 0.13271345 0 0 0 0 1.3134718 0.9148082 0.07803765 0 0 0 0.8813919 0 0 0 0 0 0 0 0.3976496 0 0 0 0.21463458 0 0 0 0 0.23953357 0 0 0 0 0.2963003 0 0 0.25463116 0.079516195 0 0 0 1.0900227 0 0 0 0 0.081542216 0 0.06037309 0 0 0 0.34722826 0 0 0 0.06281585 0 0.7782304 0 0 0 1.1316928 0
"20110800_S3S_4" 4.75857 0.101793 0 0 0 0 1.2588764 26.259443 0.07818588 0 0.27438316 0 3.4464953 0 0 7.498931 0.15097307 0 0 0 1.0241141 0 0 0 0.5396764 0 0 0 0 6.6125827 0 0 0 0 4.0091968 2.3047884 0 0.6303218 0 0.33575988 0 0 5.504682 0 0 0 0 0 0 1.4057441 0 0 0 2.8687887 0 0 0 0 0 4.576857 0 0 0 0.11974756 0
"Bog.None.R3.T0.JGI.BFC.metaspades_bin.267_72.59_8.57" 0 0 0 0 0 0 0.21065813 0.7219818 0.09241153 0 0 0 0.056708887 0 0 0.14737287 0 0 0 0 0.15909831 0 0 0 0 0 0 0 0 0.36463442 0 0 0 0 0.094236664 0 0.09996612 0 0.13502042 0.22155695 0 0 0 0 0 0 0 0 0 0 0 0 0 0.22848311 0 0 0 0.12794693 0 0.29623815 0.08471567 0 0 0 0
"Bog.None.R3.T0.JGI.BFC.metaspades_bin.34_94.27_1.08" 2.539774 0.07574343 0 0 0 0 0.19136818 4.277931 0 0 0.36204994 0 5.126599 0 0 2.9230952 0 0 0 0 0 0 0 0 0.74814934 0 0 0 0 7.836293 0 0 0 0 1.4405593 0.7031365 0 0 0 0 0 0 1.1736557 0 0 0 0 0 0 0 0 0 0 7.858618 0.52021825 0 0 0 0 1.14697 0 0 0 0.1597703 0
"3300037349_9" 0.45979038 0 0 0 0 0 0.29797798 2.2745755 0 0 0.39698008 0 0.4645838 0 0 3.7474442 0 0 0 0 5.039716 0 0 0 1.1124158 0.0810029 0 0 0 6.3026304 0 0.087746054 0 0 9.206541 0 0 0 0.51635206 0 0 0 8.553114 0 0 0.15086706 0 0 0.06672559 0.9976699 0 0 0 0.077180184 0.11344552 0.0901133 0 0.20715865 0 10.475621 0 0 0.11046039 3.2134557 0
"Bog.Unlabelled.R3.T3.F3.trimmomatic.megahit_bin.151_70.18_0.00" 0.8779891 0 0 0 0 0 0.8559897 2.5423841 0 0 0 0 1.5895681 0 0 2.898903 0.057849687 0 0 0 0.43106517 0 0 0 0.59474164 0 0 0 0 1.068316 0 0 0 0 1.6118778 0.24480289 0 0.7923012 0.18976612 0 0 0 0.8835283 0 0 0 0 0 0 1.204209 0 0 0 1.6615874 0 0 0 0 0 3.8959336 0 0 0 0.58719635 0
"Bog.None.R1.T0.trimmomatic.megahit_bin.118_76.60_1.35" 9.024635 0.057699353 0 0 0 0 0.3309607 6.198663 0 0 0.2463703 0 3.7323017 0 0 1.0136572 0 0 0 0 1.5147759 0 0 0 3.1399283 0 0 0 0 1.7387344 0 0 0 0 1.535318 0 0 1.0819048 0.09127799 0 0 0 1.1402876 0 0 0.08839848 0 0 0 2.464244 0 0 0 3.5547862 0 0 0 0 0 2.473921 0 0 0 0.24954559 0
"Bog.None.R3.T0.trimmomatic.megahit_bin.67_73.32_6.98" 3.010524 0 0 0 0 0 1.2229985 1.5689731 0 0 0.07460295 0 3.041762 0 0 0.3873493 0 0 0 0 0.9134958 0 0 0 8.217334 0.07229412 0 0 0 1.0645922 0 0 0 0 0.42659727 0.2923547 0 0.64968497 0.07207807 0 0 0 1.0929332 0 0 0.31192496 0 0 0 0.32973427 0 0 0 3.3040333 0.3058409 0 0 0.07759164 0 2.9390478 0 0 0 1.5374575 0
"Bog.None.R1.T0.trimmomatic.megahit_bin.358_74.42_8.60" 0.9819697 0 0 0 0 0 0.057129495 0.66258514 0 0 0 0 0.5590198 0 0 0.16138871 0 0 0 0 0.23777308 0 0 0 1.531368 0 0 0 0 0.08293776 0 0 0 0 0.2771625 0 0 0 0.1409882 0 0 0 0.58682597 0 0 0 0 0 0 0.37076455 0 0 0 0.1480882 0 0 0 0 0 1.0240922 0 0 0 0.61583215 0
"Bog.None.R2.T0.trimmomatic.megahit_bin.344_99.28_6.76" 0.142849 0.16558598 0 0 0 0 0.11902065 0.4836872 0.20534758 0 0 0 0.35929537 0 0 0.73481864 0.52529186 0 0 0 0.90546477 0 0 0 1.9726857 0.19600415 0 0 0 0.5819704 0.059063043 0 0 0 0.38731962 0.15267593 0 0 0.40952697 0.07322624 0 0 0.33950514 0 0 0.15168168 0 0 0 0.16957673 0 0 0 0 0.15414459 0 0 0 0 2.7089314 0 0 0 0.32834792 0
"3300037342_8" 1.8934392 0 0 0 0 0 0 0 0 0 0.121439576 0 1.7124639 0 0 1.3194681 0 0 0 0 0 0 0 0 1.6321024 0 0 0 0 0.82489055 0 0 0 0 2.3627362 0 0 0.21144581 0.06291517 0 0 0 0.5434629 0 0 0 0 0 0 1.1143999 0 0 0 0 0 0 0 0 0 13.241756 0 0 0 0.07596608 0
"Bog.None.R1.T0.trimmomatic.megahit_bin.240_81.43_2.70" 2.8306158 0 0 0 0 0 0 0.4099881 0 0 0.21604796 0 0.15623759 0 0 4.3152742 0.1940851 0 0.07941034 0 0 0 0 0 0.314705 0 0 0 0 2.0517898 0 0 0 0 2.636845 0 0 0.117769964 0.060792323 0 0 0 2.1179721 0 0 0 0 0.061158195 0 1.1045299 0 0 0 1.1619314 0 0 0 0 0 2.9462924 0 0 0 0.16106167 0
"Bog.None.R1.T0.trimmomatic.megahit_bin.149_91.22_4.05" 3.5221083 0 0 0 0 0 0.6731189 4.11059 0 0 0.111612074 0 4.3523707 0 0 0.989112 0 0 0 0 0.30578777 0 0 0 0.36403024 0 0 0 0 1.3910779 0 0 0 0 1.4847604 0 0 0 0 0 0 0 0.11360412 0 0 0.20285885 0 0 0 0.31869867 0 0 0 0 0 0 0 0 0 0.39120772 0 0 0 0 0
"20140700_S22_7" 2.3351853 2.0229886 0.4224057 0.2237043 0 0.058675636 1.2391151 18.952776 3.7353287 0.12208644 0.99635196 0 7.9528995 0 0 14.189461 5.574418 0 0.09040441 0 15.63167 0.23689957 0.24529631 0 7.8960257 0.57472664 0.20315997 0.06270924 0 11.617597 1.0765705 0.4915314 0 0 2.553305 12.593539 0.22109236 3.373389 2.773264 2.055006 0 0 7.7178802 0.28875503 0 1.5471288 0 0.31807354 0.23505525 6.00699 0.16544898 0.07361941 0 5.429542 0.7240315 0.10845307 0 5.9043517 0 9.31898 4.8231015 0 0.11055545 5.940922 0
"20140700_S21_13" 1.6256348 0 0 0 0 0 0.32021713 9.514003 0 0 0.5445003 0 0.99478155 0 0 4.6206436 0.12511751 0 0 0 1.7381643 0 0 0 1.0372113 0 0 0 0 2.423948 0 0 0 0 13.122943 0 0 0.48603204 0.16756167 0 0 0 1.575381 0 0 0 0 0 0 3.0313306 0 0 0 0.25733826 0 0 0 0 0 1.8324897 0 0 0 0.19356304 0
"Bog.Labelled.R1.T3.F3.trimmomatic.metaspades_bin.91_72.76_1.72" 0.44962808 5.91261 0.80456084 0.203711 0.37271842 0.56407416 2.25993 12.757558 3.552551 0.14916494 1.0099124 0 2.1749463 0.14129709 0.14085574 26.45755 13.423216 0.24693105 0.56994426 0 18.126574 0.27677295 0.25777024 0 18.654787 2.5656602 0.60498255 0.9951532 0.5257884 8.10173 0.4177298 1.2552614 0 0 1.8309823 0.96713704 1.3325207 0.15682124 8.214606 3.991139 0.070533216 0.24772751 3.5331779 0.06764129 0.17878468 1.3445438 0 0.1755729 0.12108503 0.16418955 0.11987398 1.9242568 0.93459815 0 2.0080938 1.4951483 1.7040982 2.5345407 0.29961103 2.6552804 1.1179068 1.1267848 1.2247565 1.704251 0.119340025
"Bog.None.R2.T0.JGI.BFC.metaspades_bin.304_97.97_7.51" 1.569949 0 0 0 0 0 3.5400577 13.099938 0.103311196 0 0.27884305 0 2.4489224 0 0 5.9687095 0.107736155 0 0 0 11.359524 0 0 0 2.7050555 0.30602303 0 0 0 4.8880143 0 0 0 0 5.20457 0 0 0.14551301 0.37962 0.2213979 0 0 3.0365298 0 0 0 0 0 0.07710868 2.7517807 0 0 0 0.5222872 0.74945146 0 0 0.31160575 0 6.1410646 0 0 0 3.6106687 0
"Palsa.Unlabelled.R1.T3.F1.trimmomatic.megahit_bin.10_70.35_4.99" 0 0 0 0 0 0 0 0 0 0 0 0 0 0 0 0.060898628 0 0 0 0 0 0 0 0 0 0 0 0 0 0 0 0 0 0 0 0 0 0 0 0 0 0 0 0 0 0 0 0 0 0 0 0 0 0 0 0 0 0 0 0.23818919 0 0 0 0 0
"3300029985_7" 0.12547992 3.4023814 0 0 0 0 0.35132587 1.8401504 1.2233896 0 0.07382921 0 0 0 0 0 0 0 0 0 0 0 0 0 0 0 0 0 0 3.9289973 0.14434536 0 0 0 0.12792915 0.08750145 0 0 0 0 0 0 0 0 0 0.06525826 0 0 0 0.09590557 0 0 0 0 0.18122216 0 0 0 0 0.059233557 0 0 0 0 0
"Bog.Labelled.R1.T2.F2.trimmomatic.metaspades_bin.54_94.58_0.00" 0.346389 0.07975278 0 0 0 0 0 0.44731957 0 0 0 0 0.4339637 0 0 0.3663656 0 0 0 0 0 0 0 0 1.1604193 0 0 0 0 0.3220607 0 0 0 0 0 0 0 0 0 0 0 0 0.45073164 0 0 0 0 0 0 0.35740107 0 0 0 0 0.08222487 0 0 0 0 0.32058254 0 0 0 0 0
"Bog.None.R3.T0.JGI.BFC.metaspades_bin.6_96.55_2.67" 0.32372543 0 0 0 0 0 0 0.1799867 0 0 0 0 0 0 0 0 0 0 0 0 0 0 0 0 0 0 0 0 0 0.31706432 0 0 0 0 0.9181258 0 0 0 0.15338172 0 0 0 1.0694888 0 0 0 0 0 0 0 0 0 0 0 0 0 0 0 0 0 0 0 0 0 0
"Bog.Labelled.R1.T2.F2.trimmomatic.metaspades_bin.89_90.44_1.43" 0.57903445 0.11006678 0 0 0 0 0.44010282 0.47011703 0.058797136 0 0 0 0.3837819 0 0 0.6177772 0 0 0 0 1.2929446 0 0 0 0.12310206 0 0 0 0 0.11343021 0 0 0 0 0.13233866 0 0 0.19259039 0 0 0 0 0.23911229 0 0 0 0 0 0 0.123018764 0 0 0 0 0 0 0 0 0 0.15797816 0 0 0 0.115378864 0
"Bog.Labelled.R1.T2.F2.trimmomatic.metaspades_bin.70_92.60_2.94" 0.20121127 0 0 0 0 0 0.25116855 0.97326434 0 0 0 0 0.14422499 0 0 0.06249789 0 0 0 0 0.08125874 0 0 0 0.34326285 0 0 0 0 0.26889235 0 0 0 0 1.3091885 0 0 0 0 0 0 0 0.30409887 0 0 0 0 0 0 0.16259566 0 0 0 0 0 0 0 0 0 0.82751465 0 0 0 0 0
"Bog.Labelled.R1.T2.F2.trimmomatic.metaspades_bin.96_95.35_0.00" 1.5102471 0.9732608 0 0 0 0 0.39075458 5.6941905 0.116971724 0 0.19334942 0 0.5179168 0 0 2.1396387 1.3219528 0 0 0 0.38842183 0 0 0 0.71179503 0 0 0 0 3.0896032 0 0 0 0 1.155309 0.3504813 0 0 0.53378254 0 0 0 0.7669093 0 0 0.47458258 0 0 0 0.81191266 0 0 0 0.7435576 0.54446584 0 0 0.14174601 0 3.792153 0 0 0 0 0
"20110800_S3S_27" 7.4095306 0.11589269 0 0 0 0 10.50107 5.9086485 0.069289036 0 0.32638407 0 4.645311 0 0 10.652926 0.09824824 0 0 0 7.0204396 0 0 0 4.527919 0.7934955 0 0 0 6.407245 0 0 0 0 16.813982 0 0 0.8317542 2.4078753 0.77324086 0 0 2.9597213 0 0 0 0 0.08290806 0.23067588 8.872025 0 0 0 3.1717024 0 0 0 0 0 12.175728 0 0 0 1.7853132 0
"Bog.None.R1.T0.trimmomatic.megahit_bin.18_85.86_3.07" 0.7481373 0 0 0 0 0 0.20202012 0.4328062 0 0 0 0 0.36992434 0 0 0.16933969 0 0 0 0 0.19557326 0 0 0 0.4506212 0 0 0 0 0.12103077 0 0 0 0 0.18974689 0 0 0.3772807 0.14171231 0 0 0 0.29701936 0 0 0 0 0 0 0.3920595 0 0 0 0 0 0 0 0 0 0.43097103 0 0 0 0.09111553 0
"Bog.Unlabelled.R3.T3.F2.trimmomatic.metaspades_bin.33_99.27_3.62" 8.943969 0.14144266 0 0 0 0 1.7778536 10.209556 0.082061775 0 0.09162868 0 3.2717493 0 0 4.8161926 0.123339616 0 0 0 1.6978687 0 0 0 3.4409328 0 0 0 0 1.3556153 0 0 0 0 1.6342026 0.09742847 0 6.300101 1.8719751 0.11701756 0 0 1.2170764 0 0 0 0 0 0 10.383143 0 0 0 2.5654392 0 0 0 0.45491442 0 3.26795 0 0 0 3.1719441 0
"Bog.None.R3.T0.JGI.BFC.metaspades_bin.157_96.49_2.63" 1.4119213 0.07018487 0 0 0 0 0.06267303 0.7135715 0.07545816 0 0 0 0.37853202 0 0 2.5414267 0.31802198 0 0 0 0.16910282 0 0 0 0.29664162 0 0 0 0 0.27804363 0 0 0 0 0.32482326 0 0 0.22999595 0.13465971 0.5436752 0 0 0.25144115 0 0 0.086509444 0 0 0 0.2782667 0 0 0 1.525042 0.09605196 0 0 0.110058405 0 1.3874037 0 0 0 0.6021196 0
"Bog.None.R3.T0.trimmomatic.megahit_bin.399_80.28_6.52" 0.92043626 2.5838103 0 0 0 0 0.20481528 2.4626653 0.10971135 0 0.41692477 0 0.47858617 0 0 3.9494588 3.1583319 0 0 0 2.134434 0 0 0 2.260221 1.2349873 0.19390722 0 0 2.1972733 0.28917915 0 0 0 5.3879914 1.6565967 0 0.24906327 0.9339195 1.6736504 0 0 2.7710745 0 0 2.0584347 0 0.05594915 0.15461843 1.9919478 0 0 0 0.16923827 1.0927583 0.110696584 0 1.4185579 0 5.069757 0 0 0 1.5718371 0
"Bog.Labelled.R1.T1.F1.JGI.BFC.metaspades_bin.122_90.43_7.26" 0.14393723 0 0 0 0 0 0.086101584 0 0 0 0 0 0 0 0 0.061005358 0 0 0 0 0 0 0 0 0 0 0 0 0 0.08379533 0 0 0 0 0.06331789 0 0 0 0.12777929 0 0 0 0 0 0 0 0 0 0 0 0 0 0 0 0 0 0 0 0 0.20259546 0 0 0 0 0
"Bog.None.R3.T0.JGI.BFC.metaspades_bin.122_92.03_1.72" 0.19424732 0.23110321 0 0 0 0 0.29311645 1.2576915 0.17715095 0 0.13023913 0 0.13900077 0 0 3.0401592 0.1894185 0 0 0 1.890454 0 0 0 0.45828474 0 0 0 0 2.0585349 0 0 0 0 2.45071 0.07072186 0 0 1.5518427 0.16787381 0 0 0.6400166 0 0 0 0 0 0 1.2349283 0 0 0 0 0 0 0 0 0 0.8881823 0 0 0 1.0549029 0
"Bog.Unlabelled.R3.T3.F3.JGI.BFC.metaspades_bin.114_88.45_5.80" 2.3070276 0 0 0 0 0 0.19146167 0.86525774 0 0 0 0 0.18227357 0 0 1.8445158 0 0 0 0 1.8953702 0 0 0 0.24179144 0 0 0 0 0.62105787 0 0 0 0 0.7107452 0 0 0 0 0 0 0 0.22864601 0 0 0 0 0 0 0.99157166 0 0 0 0 0 0 0 0 0 3.5945714 0 0 0 0 0
"Bog.Unlabelled.R1.T2.F2.JGI.BFC.metaspades_bin.36_70.45_7.93" 0.19103058 0.6693546 0.44373676 0.07812695 0 0.47224385 0.349206 1.4346926 0.8332857 0 0.33991843 0 0.73078287 0.49870378 0 0.87854683 0.680101 0.4671124 0.08645601 0 1.6094819 0.13566011 0.07630055 0 1.9259968 0.30846637 0.19893129 0.29157326 0.18515603 1.4094046 0.08792793 0.18488829 0 0 0.6417067 0.45791072 0.19287853 0.2866505 1.0647742 0.5892678 0.22229435 0 0.7738573 0 0 0.2774919 0 0.10908016 0.11147563 1.3029679 0.29448715 0.21887487 0.10595585 0.13503788 1.0886475 0.5305727 0 0.962801 0 0.28485292 0.7020142 0.3870642 0 1.6332763 0.1311576
"20110800_S3S_25" 12.932894 0 0 0 0 0 4.6053786 5.936257 0 0 0.105317615 0 2.3982341 0 0 2.651 0.09470057 0 0 0 6.5218687 0 0 0 7.3082843 0.3167299 0 0 0 3.8996847 0 0 0 0 2.4770296 0 0 1.2478544 0.5440689 0 0 0 3.2293143 0 0 0 0 0.097121134 0.26733986 1.5422939 0 0 0 3.687745 0 0.117293365 0 0.83979625 0 2.7071097 0 0 0 2.4364185 0
"Bog.Labelled.R1.T3.F3.trimmomatic.metaspades_bin.35_75.21_2.71" 0.8624881 0 0 0 0 0 0.67370933 1.270581 0 0 0 0 1.6793984 0 0 0.8409107 0 0 0 0 8.757818 0 0 0 1.1341244 0 0 0 0 0.49806923 0 0 0 0 2.0895252 0 0 0.49107945 0.05913601 0 0 0 0.14029053 0 0 0 0 0 0 0.3435326 0 0 0 0.12067676 0 0 0 0 0 1.7869859 0 0 0 0.21788436 0
"Bog.Unlabelled.R2.T2.F2.trimmomatic.metaspades_bin.86_71.87_2.22" 0.663386 0 0 0 0 0 0 1.1243867 0 0 0 0 1.5353981 0 0 0.45335257 0 0 0 0 2.7547503 0 0 0 0.7633174 0 0 0 0 0.5710192 0 0 0 0 1.3306712 0 0 1.1011567 0.08929755 0 0 0 0.5091112 0 0 0 0 0 0 0.42688197 0 0 0 0 0 0 0 0 0 2.67188 0 0 0 0.47066718 0
"Bog.None.R3.T0.JGI.BFC.metaspades_bin.339_96.94_3.52" 0.13055591 0.58820075 0 0 0 0 0.30545244 4.8009386 1.2006025 0 0.18474454 0 0.21149828 0 0 1.4901637 1.4373925 0 0 0 1.0833763 0 0 0 0.74618214 0.11830874 0 0 0 1.5971009 0.20374031 0.075453505 0 0 1.7399992 0.069525816 0 0.089766756 0.3740417 0 0 0 1.0870651 0 0 0.19904171 0 0 0 1.5462887 0 0 0 0 0 0 0 0.20969273 0 2.791944 0.10045633 0 0 0.9250659 0
"Bog.None.R1.T0.trimmomatic.megahit_bin.120_96.00_3.87" 0.07361154 2.407308 0 0 0 0 0.35905677 1.4489185 0.9331114 0 0.30442578 0 0.15574674 0 0 5.3612337 1.1973563 0 0 0 0.44161677 0 0 0 2.3495724 0.17814857 0 0 0 2.081412 0.31829762 0.084598415 0 0 0.5648141 1.1351483 0 0 1.2050318 0.3190744 0 0 1.3473003 0 0 1.9118983 0 0 0 0.19948491 0 0 0 0 0.6039145 0 0 0.5277419 0 2.5297322 0 0 0 0.9272011 0
"Bog.Unlabelled.R3.T3.F3.JGI.BFC.metaspades_bin.11_92.47_4.06" 0.39968595 0.28191903 0 0 0 0 1.6848196 1.36779 0 0 0 0 1.061959 0 0 1.4460822 0 0 0 0 0.12123635 0 0 0 0.28552753 0 0 0 0 1.0155499 0 0 0 0 0.062104743 0.35026094 0 0 0 0 0 0 1.1285257 0.0829716 0 0.6848712 0 0 0 0.20915109 0 0 0 0.15408656 0.7717719 0 0 0 0 1.0525125 0 0 0 0.77536964 0
"Bog.Unlabelled.R3.T3.F3.JGI.BFC.metaspades_bin.47_85.24_5.81" 0.8360681 0.8437752 0 0 0 0 0.8266853 3.9568915 0.12381928 0 0.15236837 0 0.71940655 0 0 4.47934 0.21723725 0 0 0 0.091574475 0 0 0 1.1769423 0 0 0 0 2.6429694 0.2659556 0 0 0 1.0440495 0.66232246 0 0 0.6155047 0 0 0 0.6422967 0 0 0.41298538 0 0 0 0.703294 0 0 0 0.12013473 0.06476396 0 0 0.12162999 0 1.020034 0 0 0 0.08622048 0
"20160700_E21_6" 0.42196587 0 0 0 0 0 0.13538533 1.0688562 0 0 0 0 0 0 0 0.9622637 0 0 0 0 0.074591696 0 0 0 0 0 0 0 0 0 0 0 0 0 0 0 0 0 0 0 0 0 0 0 0 0 0 0 0 0.11610336 0 0 0 0 0 0 0 0 0 0.48743606 0 0 0 0 0
"20111000_S3M_6" 1.856433 3.7076254 0.057375133 0.2733074 0 0 3.2462635 33.151176 0.99964416 0.095329516 2.6463683 0 2.2062426 0.07289134 0.06828804 24.352898 2.4185948 0 0 0 16.346544 0.14111196 0.16512688 0 9.684651 7.4867096 0.53519875 0.09477282 0.06862134 32.86905 0.645147 0.76926154 0.055873495 0 20.113098 4.353344 0.08078297 0.5736594 14.26529 11.711267 0 0 10.492773 0.18437965 0 11.512991 0 0.7014856 0.775318 11.526399 0 0 0 0 0.6397188 0.14734574 0 7.057888 0 6.3747416 0 0 0.060080625 15.380887 0.061248966
"Bog.None.R3.T0.trimmomatic.megahit_bin.383_96.18_3.47" 35.330933 0.0760967 0 0 0 0 11.267032 15.008673 0.08954845 0 0.15489762 0 12.858052 0 0 11.222749 0.24888566 0 0 0 12.016432 0 0 0 17.56105 0.4557312 0.107997805 0 0 11.240571 0 0.13797641 0 0 4.819292 0 0 16.655577 2.9417033 0.26988947 0 0 4.2121162 0 0 0 0 0.08498309 0.16609181 21.074745 0 0 0 14.174097 0 0 0 0.13159862 0 62.138454 0 0 0.08731306 5.4705777 0
"Bog.Unlabelled.R3.T1.F3.JGI.BFC.metaspades_bin.45_94.77_0.93" 0.53286207 0 0 0 0 0 0 0 0 0 0 0 0.12515274 0 0 0.9384128 0 0 0 0 0 0 0 0 0 0 0 0 0 0.43914118 0 0 0 0 1.1397343 0 0 0.20556055 0.16755538 0 0 0 0.05781757 0 0 0 0 0 0 0.06412406 0 0 0 0.075902276 0 0 0 0 0 0.26201484 0 0 0 0 0
"Palsa.Unlabelled.R1.T3.F3.trimmomatic.metaspades_bin.235_87.61_3.54" 0.5329743 0 0 0 0 0 0.05913901 0 0 0 0 0 0.18989709 0 0 0.32090783 0 0 0 0 0.068674885 0 0 0 0 0 0 0 0 0 0 0 0 0 1.4034433 0 0 0 0.12624772 0 0 0 0 0 0 0 0 0 0 0 0 0 0 0.094564155 0 0 0 0 0 0.16664809 0 0 0 0 0
"Bog.Unlabelled.R3.T1.F3.JGI.BFC.metaspades_bin.133_95.29_6.77" 0 0.33576187 0 0 0 0 0.8728406 0.22075647 0.06533961 0 0.095944 0 0 0 0 0.08837383 0 0 0 0 0.23259574 0 0 0 0 0.06402454 0 0 0 4.1449323 0 0.058596097 0 0 1.3006582 0.39243042 0 0 0.6686615 0.07915867 0 0 0.064236745 0 0 0.09466598 0 0 0 0.6162251 0 0 0 0.5762115 0.10642673 0 0 0.12326364 0 0.51350206 0 0 0 1.4689567 0
"Bog.Unlabelled.R3.T1.F3.JGI.BFC.metaspades_bin.74_92.32_2.91" 1.2637078 0 0 0 0 0 0.56758875 0.14830133 0 0 0 0 0.8557016 0 0 0.19588597 0 0 0 0 0.9319431 0 0 0 0.0998975 0 0 0 0 0.078184135 0 0 0 0 0.3250175 0 0 0.10058023 0 0 0 0 0.07911445 0 0 0 0 0 0 0.3186768 0 0 0 0 0 0 0 0 0 0.39730558 0 0 0 0 0
"Fen.Labelled.R1.T3.F4.trimmomatic.metaspades_bin.40_93.84_3.50" 7.4246616 0.07666923 0 0 0 0 0.8190175 7.792783 0 0 0.12607224 0 3.2370193 0 0 3.9621794 0 0 0 0 0.21938406 0 0 0 1.9627864 0 0 0 0 3.0640376 0 0 0 0 4.70883 0 0 1.0706836 0.17007141 0 0 0 2.8238811 0 0 0 0 0 0 2.273826 0 0 0 1.9908956 0 0 0 0 0 8.219783 0 0 0 0.98386467 0
"Bog.Unlabelled.R3.T1.F3.trimmomatic.metaspades_bin.4_95.88_2.80" 2.2793953 0.25003174 0 0 0 0 0.19761431 1.4849893 0.115724 0 0 0 0.6858675 0 0 1.0823317 0.33829755 0 0 0 0.75335157 0 0 0 0.470637 0 0 0 0 0.3878344 0 0 0 0 0.7542028 0 0 0.1832596 0 0 0 0 0.641615 0 0 0 0 0 0 4.5419593 0 0 0 3.6756945 0 0 0 0 0 2.394762 0 0 0 0.5011925 0
"Bog.None.R1.T0.trimmomatic.megahit_bin.85_97.01_0.10" 1.0972815 0 0 0 0 0 0.3353529 0.4207373 0 0 0 0 0.42100802 0 0 0.1994784 0 0 0 0 0.22110981 0 0 0 0.16129023 0 0 0 0 0 0 0 0 0 0 0 0 0.15241963 0 0 0 0 0 0 0 0 0 0 0 0.13357738 0 0 0 0 0 0 0 0 0 0.5547337 0 0 0 0 0
"Bog.Unlabelled.R2.T3.F3.trimmomatic.metaspades_bin.116_93.32_2.25" 3.508312 0 0 0 0 0 1.7401763 6.310297 0 0 0.14507008 0 2.753865 0 0 1.9539878 0.24376422 0 0 0 1.7105777 0 0 0 2.3381634 0.06285319 0 0 0 0.67962813 0 0 0 0 0.92621547 0 0 0.3746491 0.3083983 0.2814609 0 0 2.1636558 0 0 0 0 0 0 1.8622065 0 0 0 0.654025 0 0 0 0.2397635 0 2.4987085 0 0 0 1.6717885 0
"Bog.Unlabelled.R3.T3.F3.JGI.BFC.metaspades_bin.22_74.64_1.66" 0.16462849 0.25100303 0 0 0 0 0.41460863 0.99004066 0 0 0 0 0.35998797 0 0 0.3142471 0.11103788 0 0 0 0.7516955 0 0 0 0.27472502 0 0 0 0 0.25851586 0 0 0 0 0.21532466 0 0 0.2691747 0.1407589 0 0 0 0.1848503 0 0 0 0 0 0 0.26501873 0 0 0 0 0 0 0 0 0 0.33915815 0 0 0 0.056380898 0
"Bog.None.R2.T0.trimmomatic.megahit_bin.355_93.52_0.93" 0.059875324 0 0 0 0 0 0.45928133 1.7394147 0 0 0 0 0.52234685 0 0 2.7068334 0 0 0 0 1.2938322 0 0 0 0.212221 0 0 0 0 0.2107899 0 0 0 0 0.5185551 0 0 0.5802691 0 0 0 0 0.11113583 0 0 0 0 0 0 0.23035093 0 0 0 2.140408 0 0 0 0 0 3.1134207 0 0 0 0.37540844 0
"Bog.None.R1.T0.trimmomatic.megahit_bin.289_96.76_2.78" 0.42480546 0.14247026 0 0 0 0 0.44726333 2.1392872 0.29599068 0 0 0 0.121645875 0 0 0.6656647 0.31797487 0 0 0 0.2261041 0 0 0 0.06910395 0 0 0 0 0.6405041 0 0 0 0 0.61334276 0.115168616 0 0 0 0 0 0 0.22969708 0 0 0.8127383 0 0 0 0.12145002 0 0 0 0 0 0 0 0 0 1.4357314 0 0 0 0.12241618 0
"Bog.Unlabelled.R3.T3.F3.JGI.BFC.metaspades_bin.63_96.30_0.08" 1.2540078 0 0 0 0 0 0.17824398 1.9855027 0 0 0 0 0.68642384 0 0 0.8241375 0 0 0 0 1.7132154 0 0 0 0.1514045 0 0 0 0 0 0 0 0 0 0 0 0 0.4472081 0 0 0 0 0.6144019 0 0 0 0 0 0 0.47953138 0 0 0 0 0 0 0 0 0 0.6246963 0 0 0 0 0
