trait	tree	distance
blue	1	0.01414992	0.008589921
blue	1	0.01099951	0.007139447
blue	1	0.02455804	0.05710917
blue	1	0.01838261	0.02103844
blue	1	0.01807937	0.03209539
blue	1	0.05104431	0.06054337
blue	1	0.03855777	0.05000674
blue	1	0.02111527	0.0179342
blue	1	0.06239614	0.07987363
blue	1	0.2570996	0.2747939	0.273139	0.2717796	0.278476	0.331771	0.3085911	0.3213121	0.2705145	0.4069876	0.4177932
blue	1	0.04283918	0.04166278
blue	1	0.07391357	0.09939555	0.1021666	0.1040135
blue	1	0.0384157	0.06843073
blue	1	0.01747873	0.02663968	0.02568889
