"genome" "711_E-1-S" "711_E-1-M" "711_E-1-D" "711_E-2-S" "711_E-2-M" "711_E-2-D" "711_E-3-S" "711_E-3-M" "711_E-3-D" "712_E-1-M" "712_E-1-D" "712_E-2-S" "712_E-2-M" "712_E-2-D" "712_E-3-S" "712_E-3-M" "712_E-3-D" "713_E-1-S" "713_E-1-M" "713_E-1-D" "713_E-1-X0" "713_E-1-X1" "713_E-2-S" "713_E-2-M" "713_E-2-D" "713_E-2-X0" "713_E-2-X1" "713_E-3-S" "713_E-3-M" "713_E-3-D" "713_E-3-X0" "713_E-3-X1" "714_E1_1-5" "714_E1_5-9" "714_E1_20-24" "714_E1_30-34" "714_E2_1-5" "714_E2_5-9" "714_E2_20-24" "715_E1_1-5" "715_E2_1-5" "715_E2_20-24" "715_E2_30-34" "715_E3_1-5" "715_E3_10-14" "715_E3_20-24" "715_E3_30-34" "716_E1_1-5" "716_E1_10-14" "716_E1_20-24" "716_E1_30-34" "716_E3_1-5" "716_E3_10-14" "716_E3_30-34" "717_E2_1-5" "717_E2_10-14" "717_E2_20-24" "717_E3_1-5" "717_E3_10-14" "717_E3_30-34"
"20120700_S1D_12" 0 0.092561 0.5845454 0.062304407 0.78396183 0.11512261 0 0 0.2262686 0 0.52809584 0 0 0.1471291 0 0 0.19137579 0.18959172 0.30964777 0.1064911 0 0 0 0 0.16928583 0 0 0.23619148 0 0 0 0 0 0 4.33113 0.86091435 0 0.5273031 0.24281561 0.46011734 0 0.41536602 0.37393808 0 0 0.104639076 0.9032637 0 0.79679364 0.5452806 0.60913146 0 0.27301976 0.17421567 0 0 0.19964573 0 0.1122812 0
"PLGY01" 0.82069755 2.8167593 3.2317429 1.6753217 13.657009 5.511908 0.24530943 0.22921504 2.1757002 0.8179992 10.619523 1.227699 0.7489597 5.7401686 0.183736 0 2.8638477 5.3754997 5.80192 2.7957156 0.4070102 0 0.20142561 0.18670073 1.0165957 0.26069355 1.6689507 1.8156748 0.75586855 0.954566 1.3266853 0.25647545 0 0.11255977 3.0671008 2.0872533 0.36188817 3.4050639 13.315249 2.9283912 0 3.7534285 1.5118624 0 0.4848066 0.6612968 1.3692902 0.080685705 2.694338 4.58015 3.3841848 0.19291939 2.6019616 1.3291231 0.12053263 0.6794411 0.58326113 0.121487595 0.9072335 0.7022392
"20120600_E2D_39" 0.3422864 1.3006957 0.9955782 0.668419 5.528964 0.2654701 0.22264445 0.6836514 0.21953975 0.6815358 0.15662295 0.43309817 0.18657632 0.42792454 0.08869552 0 0.3621495 2.3115509 2.0499458 0.4119351 0 0 0 0 0.08620466 0.24717708 0 0.9913543 0 0.05916934 0 0 0 0.57922405 2.015373 0.12817001 0.1372692 2.2344592 0.24304253 0.2621196 0 0.26503107 0 0 0.1501178 0.284998 0.38823974 0 1.4331981 0.4111254 0.1721241 0 1.0166473 0 0 0.35784143 0.15041225 0 0.093096256 0
"20110700_S2D_21" 0.22741368 0.71806014 1.0620112 0.6908708 2.8294713 1.6524069 0.26270142 0.20110561 0.9018553 0.096569605 0.1581359 0.5809857 0.64503384 1.3963097 0.07447691 0 0.8216104 1.2045957 2.4766736 1.5065038 0 0 0 0.06303492 0.4113983 0 0 0.80327326 0.4459997 0 0 0 0 0 0.19563904 0.19517717 0 0.26400307 0.9017993 0.4026956 0.09447415 2.0960531 0.8324566 0 0 0.0657712 0.36655658 0.07751562 1.0225326 1.8812157 2.9331222 0 1.1212626 1.5103502 0.09730091 0.29874843 0.29976067 0 0.17215972 0
"20120600_E1D_41" 0 0.23619674 0.5222 0.34380662 2.7771556 0.76524514 0 0.4263172 0.12348411 1.6360399 0.86680365 0.24760488 0 0.28056332 0 0 0.21690741 2.0412796 2.8377838 1.5977988 0 0 0 0 0.05872826 0 0 0.25799453 0 0 0 0 0 0.9598434 3.4655538 3.1226785 0 1.6465894 1.3126619 1.1434885 0 0.4991965 0.40770048 0 0.074804 1.910433 0.8543267 0 0.7796519 0.63153565 0.31048718 0 0.4302944 0.10913976 0 0.8043157 1.513657 0 0.1506828 0
"20120600_E2D_28" 0 0.15166907 0 0.1936038 2.012074 0 0 0.07638459 0 0.1778898 0 0.08451859 0 0 0 0 0 0.34741294 0.28220293 0 0 0 0 0.15223095 0 0 0 0.06518684 0 0 0 0 0 0 0.12714729 0 0 0.6662669 0.061920036 0.4795763 0 0.16295898 0 0 0 0.3617804 0 0 0.38583493 0 0 0 0.20781896 0 0 0 0.083382994 0 0.08655172 0
"20120700_S1X_2" 0.07727332 3.9063675 23.992245 2.3590508 11.340256 41.98461 0 0 20.701221 0.11764041 37.186382 6.0707417 1.3712957 31.500208 1.2593983 0 18.913132 32.761803 35.13289 45.541283 0.9697086 0.35210636 0 0.53724974 7.677627 0.88450664 1.6943341 7.3285403 15.029391 1.1081953 1.6279919 0.20814182 0 0 2.587722 4.118513 1.1249961 11.033634 101.14749 20.633274 0.09078342 35.053013 27.379616 0 0.26683623 2.1058087 10.587514 0 18.403896 22.702482 29.103256 0 22.096449 21.896282 0 0.32352456 0.6306056 0 1.3171415 22.049355
"20140700_E14_11" 0 0.14436802 3.8822243 0.4786268 8.594319 2.3889227 0 0 0.4390263 1.6956224 14.723069 0.9676731 0.09879758 1.1719147 0 0 0.773854 4.3632274 4.7399287 4.871269 0.07868552 0 0 0 0.08902189 0 0 0.4051458 0.15081474 0 0 0 0 0.07104295 40.074406 10.292167 0.288383 8.45771 12.187359 2.4222026 0 1.9605507 0.8647012 0 0 1.7265198 2.0081801 0 2.074916 1.0175308 0.49554333 0 1.869613 0.18951164 0 0 0.43865985 0 0 0.12179731
"20110800_S1D_5" 0 0.074475676 4.462134 0.55251354 4.9540877 3.3187456 0 0 0.8916599 0 2.6850514 0.75647557 0.22150208 4.5650816 0.11805183 0 2.8136382 1.1432213 1.4402646 1.5936775 0.49074987 0 0 0 0.4946762 0.3019535 0.9032844 0.09766892 0.5900981 0.46505702 0.9586335 0 0 0 0.340262 0.68134755 0.10809891 2.7047713 7.33515 1.3407024 0 1.7763021 1.572421 0 0 0.15562378 0.6594273 0 1.3803437 3.3699515 4.118259 0 0.5127047 2.159553 0 0 0 0 0 1.3532583
"20110800_E3D_9" 0.102001585 2.3637655 9.832014 3.4050932 15.610086 21.563707 0 0 6.792489 0.08464845 35.07052 4.890582 2.1657784 19.630613 0.86205554 0 14.908172 15.747036 15.9653845 16.608418 26.725761 4.820813 0 0.55989754 3.2548447 3.8094153 6.318365 2.6378405 3.7643318 8.8945465 14.670374 0.63140327 0 0 2.4870677 6.266033 0.606226 5.8203473 30.876568 8.620759 0 16.304363 12.7957735 0 0.19398798 2.3049188 6.2763224 0.08036141 9.71823 12.149389 13.026459 0 9.093042 10.451454 0 0.09176057 0.33729827 0 1.3200336 5.4673514
"20110800_S1M_17" 0 0.05979074 0 0 0.12269194 0 0 0 0 0 0 0.08767396 0 0 0 0 0 0.9658508 1.2102898 0.25684357 0 0 0 0 0 0 0 0.39610812 0 0 0 0 0 0 0 0 0 0 0 0 0 0 0 0 0 0 0 0 0 0 0 0 0 0 0 0 0 0 0.09927334 0
"20120600_S3D_1" 0 0.08256912 0 0.107821114 3.214127 0 0 0 0 0 0 0.16661213 0.14280814 0 0 0 0 0.326611 1.2591841 0 0 0 0 0 0 0 0 0 0 0 0 0 0 0 0 0 0.056954328 2.1676536 0.08473554 0 0 0 0 0 0 0 0 0 0.1101141 0 0 0 0 0 0 0 0 0 0 0
"20140700_S15_2" 0 0.091401555 0 0 0.7712348 0 0 0 0 0 0 0.1655839 0 0 0 0 0 1.273832 2.6977358 0.63356054 0 0 0 0 0 0 0 0 0 0 0 0 0 0 0 0 0 1.8844513 2.2311206 0 0 0 0 0 0 0 0 0 0.0624518 0 0 0 0 0 0 0 0 0 0.13464522 0
"20170700_S34_13" 0 0.8084574 0 0.14609921 6.222727 0.71445984 0 0 0 0 0 0.5079733 0.062005192 0.2956986 0 0 0.07261101 0.7142997 1.946477 1.3060073 0 0 0 0 0 0 0 0.57422227 0 0 0 0 0 0 8.479548 0.40736115 0 2.0039058 8.142967 0.25968906 0 0 0 0 0 0 0 0 0.9296561 0.13564172 0 0 0.4289538 0 0 0 0 0 0.23008992 0
"20120600_E2D_21" 0 1.0026822 0 0.40950316 10.06728 0.42775944 0 0 0 0 0 0.45323145 0 0.2609934 0 0 0.072509274 0.8221806 0.68879926 0 0 0 0 0 0 0 0 0 0 0 0 0 0 0 0 0 0.13702857 7.0489516 0.06617416 0 0 0 0 0 0 0 0 0 0.13117559 0 0 0 0 0 0 0 0 0 0 0
"20110800_E1D_4" 0 0 3.6035776 0.6133617 0.633627 0.099845886 0 0.1465836 0 0.50525695 0.80913955 0 0 0 0 0 0 0.20201601 0.14392039 0 0 0 0 0 0 0 0 0 0 0 0 0 0 0.10928385 1.218878 2.3160913 0 0.33678365 0 1.1182913 0 0.6848559 0.32733852 0 0.4040133 0.5094386 0.6004751 0 0.7143811 1.0527122 0.2432883 0 0 0.09992635 0 0.15961926 0.12519503 0 0 0
"20120700_S2X_13" 0 0.50964135 0.6822823 0.097760156 1.2225724 0.661954 0.10146562 0.3420095 0.68714803 0.114150696 0.5917453 0.21723402 0.08175983 0.3666366 0 0 0.22275156 0.68286157 0.64061224 0.4437054 0.06523294 0 0 0 0.15548287 0 0 0.3751276 0.19469321 0 0 0 0 0 0.76984316 0.118509226 0 0.1746292 0.80345553 0.99347895 0.063026465 0.92193097 0.3382625 0 0 0.1039771 0.08373248 0 1.565599 0.69683033 0.2193795 0 0.7993892 0.20820597 0 0.112383775 0.16951564 0 0.11900022 0.08652773
"20110700_P2D_8" 0 0 0 0.06507293 0.07681574 0.12504974 0 0 0.120600834 0 0 0.07143609 0 0.4139269 0 0 0.15325867 0.060247503 0.060067516 0.20266815 0.08610006 0 0 0 0 0 0 0 0 0.08525631 0 0 0 0 0.14939764 0.057470396 0 0 1.9538922 0 0 0 0 0 0.08792588 0.11224013 0 0 0 0 0 0 0 0 0.078312114 0.057565097 0 0 0 0
"20130700_P1Y_10" 0 0.070661545 0 0 0.335113 0 0 0 0 0 0 0 0 0 0 0 0 0.30347344 0.31272426 0 0 0 0 0 0 0 0 0 0 0 0 0 0 0 0 0 0 0 0 0 0 0 0 0 0 0.08817106 0 0 0.09333142 0 0 0 0.07605889 0 0 0 0 0 0 0
"20140700_E14_2" 0.61616325 2.561537 10.543626 1.7988032 7.3785977 9.475905 2.3702009 3.0952146 3.5982165 6.8501754 14.614225 3.6416173 1.7102104 10.509286 0.6686787 0.33560696 6.1002636 6.8874755 12.264613 15.287711 0.63867086 0.7164501 0.35423383 1.5983273 1.0591927 0.14009021 1.2700986 3.1491706 2.6636417 0.6358273 2.2635782 1.1021122 1.9215968 11.317548 67.307755 14.51344 1.8002785 6.9555144 25.715338 4.6272993 0.85799706 5.2987423 3.7432444 0.06535011 3.2125518 6.539625 7.5622935 0.4819276 5.9077387 5.4059534 5.6922317 0.09748823 3.332919 3.346186 0.78158414 2.5351708 4.14752 0.20699793 1.2096884 3.1673691
"20110800_S1D_14" 0 0 0 0 0.08130129 0.23020296 0 0 0 0 0.16167979 0.12619658 0 0.13491394 0 0 0 0.9272703 0.66345817 0.5025332 0 0 0 0 0 0 0.060517788 0 0 0 0.083691895 0 0 0 0.4942833 0.29368958 0 0 0.35367808 0 0 0 0 0 0 0 0 0 0 0 0 0 0 0 0 0 0 0 0 0
"20120700_S1D_114" 0.09558322 0.3176178 0.9062573 0.058011975 0.823442 0.24961817 0 0 0.097166084 0.44145393 1.3829359 0 0 0.17076243 0 0 0.10124981 0.8250398 0.767867 0.30187428 0.18200694 0 0 0 0 0 0.092427656 0.07721287 0 0.06616719 0.08298961 0 0 0.105482206 10.192331 1.9171059 0 0.3830694 1.0519193 0.15901041 0 0.06525724 0.079745084 0 0 0.60968447 0.44142497 0 0.40110448 0.07101189 0.085439436 0 0.11221488 0 0 0.12325071 0.12917104 0 0.08287468 0
"20140700_S16_20" 0 0.24681506 0.42620042 0.12257906 3.4996314 0.87156326 0 0 0.30461943 0.17899902 0.12366635 0.22911745 0.083327405 1.2147632 0.07445126 0 0.75522345 0.63858587 0.84085095 0.37290627 0.108247295 0.09198644 0 0.0711969 0.07029971 0 0.08052916 0.15808126 0.06665283 0.076018944 0.097503945 0 0 0.059251368 0.27201837 0 0 0.81992906 2.0269349 0.69663984 0 0.7333709 1.0121872 0 0.22619237 0.66558766 0.39446616 0 0.3999204 0.7546053 1.0033758 0 0.321494 0.25643042 0 0.3765542 0.28557092 0 0.33258477 0.09214885
"20170700_S35_18" 0 0 0.10980289 0 0.28747088 0.14829141 0 0 0 0.31421307 0.115779065 0 0 0.070596285 0 0 0 0.8058432 1.672185 0.7936482 0 0 0 0.09733549 0 0 0 0.121831164 0 0 0 0 0 0.2349654 1.4697456 0.5129719 0 0.34629226 0.65006053 0.11652691 0 0 0 0 0.14117293 0.22615176 0 0 0.42771497 0.11434471 0 0 0.21462393 0 0 0.07678414 0 0 0.072410814 0
"20120600_S1D_7" 0 0.06629133 0.4228598 0 0.36021644 0.15657453 0 0 0 0.3286737 1.4081048 0.117623374 0.072290935 0.14124106 0 0 0.06606748 0.5840581 0.93341815 0.6236315 0 0 0 0 0 0 0 0 0 0 0 0 0 0.1028314 1.7548406 0.6496354 0 0.5408462 1.9871172 0.10274382 0 0 0 0 0.06732204 0.21974465 0.18510228 0 0.13574505 0 0.06528383 0 0.19016725 0 0 0.08781394 0 0 0.24120484 0
"20110700_P2D_11" 0 0 0.41126904 0 0.44731048 0.1323063 0 0 0 0.26322958 0.74403614 0.09560439 0.0708462 0.13985544 0 0 0 0.5777724 0.7207141 0.28712 0 0 0 0 0 0 0 0 0 0 0 0 0 0.07344877 1.6336403 0.46843114 0 0.6597971 1.2789315 0.09246987 0 0 0 0 0.059564453 0.20843379 0.15920976 0 0.10511828 0 0 0 0.15518816 0 0 0.07802499 0 0 0.18916343 0
"20170700_S24_14" 0 0.16402532 0.686256 0 2.3177006 0.7858756 0 0 0.674664 0.15123935 0.21260664 0.23794107 0 1.3477437 0 0 0.70161676 1.6085749 2.1200798 0.7640059 0 0 0 0 0.117923155 0 0 0.18025391 0.22320855 0 0 0 0 0 5.718932 0.20539254 0 1.2249577 3.1804082 0.6017334 0 0.8819807 0.4740926 0 0 0.5925628 0.53238815 0 1.330027 2.149739 0.92767054 0 0.9238871 0.49575862 0 0 0.66209006 0 0.12948468 0.25267157
"20120700_S1D_104" 0 0.09230036 0.17855236 0.07208541 0.8001538 0 0 0 0 0.17282061 0.20903184 0 0 0 0 0 0 0 0 0 0 0 0 0 0 0 0 0 0 0 0 0 0 0 1.7233528 0.19172405 0 0.50607675 0 0 0 0 0.119909346 0 0 0.22273906 0.14499691 0 0.10076711 0 0.08119351 0 0 0 0 0 0 0 0 0
"20140700_S32_12" 0 0 2.4590166 0 0.35938436 1.9081836 0 0 0 0 0 0.26254636 0 0.1338737 0 0 0 1.122206 1.0881798 0.54529786 0 0 0 0 0 0 0 0 0 0 0 0 0 0 0 0 0 0.49178103 1.1077307 1.3673432 0 2.1982172 0.7820754 0 0 0.21283083 0.7611444 0 1.5547014 1.9847559 0.34863165 0 0.13920161 0 0 0 0 0 0 0
"20120800_S3X_7" 0 0 0 0 0 1.1639832 0 0 0 0 0 0.38710853 0 0.787414 0 0 0.26391602 2.7287633 4.9634466 4.7342567 0 0 0 0 0 0 0 0 0 0 0 0 0 0 0 2.070398 0.06936439 0.3051948 12.615234 0 0 0 0 0 0 0 0 0 0.09369092 0.18702392 0 0 0 0 0 0 0 0 0 0
"20120700_S1X_12" 0.37884173 0.13317858 0 0 0.74796426 0.120248556 0 0 0 0 0 0.086370215 0.11633088 0.08933221 0 0 0.074162096 0.42542902 0.48993334 0.6130559 0 0 0 0 0 0 0.08721293 0.086166926 0 0 0 0 0 0 1.4066306 0 0 0.5526998 3.8428378 0.1495617 0 0.07001341 0 0 0.058373347 0.5869858 0.21460174 0 0.19607392 0.2214419 0.16457173 0 0 0.095250644 0 0.08826171 0 0 0 0
"20170700_S25_26" 0 0 0 0 0.44938964 0.16538446 0 0 0 0 0.1353794 0.13288133 0 0.46862102 0 0 0.16839875 0 0 0 0 0 0 0 0 0 0 0 0 0 0 0 0 0 0 0 0 0.13190287 0.4870825 0 0 0 0 0 0 0 0.1474858 0 0 0 0 0 0 0 0 0 0 0 0 0
"20160700_S15_2" 0 0.061763346 0.1274931 0 0.54922956 0.29132393 0 0 0.08158421 0 0.7333768 0.14665002 0 0.24625202 0 0 0.17830913 0.8777127 0.848433 0.59159195 0.10048377 0 0 0 0 0 0 0.103028335 0 0 0 0 0 0 0.26102263 0.4300658 0 0.33004108 0.46303424 0.11107671 0 0.09802768 0.09577718 0 0 0.069658786 0.20855361 0 0.13212977 0.165259 0.15293398 0 0.090788536 0.07566858 0 0 0 0 0 0
"20170700_S25_38" 0 1.2416537 5.609899 0 0.92763054 1.8146734 0 0 2.0535142 0 3.992399 0.30113745 0 3.4565556 0.30177748 0 3.1220171 1.1747129 1.609858 1.1975919 4.117037 1.1900336 0 0.3116714 0.77612835 0.97362447 5.2795005 0.47833115 0.9782613 3.6286721 2.919414 0.552535 0 0 6.1234107 5.8557043 0 0.74184835 3.4659126 2.3834429 0 3.3841684 2.7097871 0 0 1.4879886 5.4389324 0 2.630268 3.0977619 4.4107184 0 1.4758167 2.5354385 0 0.2647299 1.8661301 0 0.95107406 1.0754882
"20120700_S1D_97" 0 0.13572218 0.5286276 0 0.86067605 0.12531106 0 0.11582585 0.07241587 0.17025144 0.88250655 0.05669831 0 0.16296877 0 0 0.08225897 0.3258197 0.5731852 0.23172826 0 0 0 0 0 0 0 0.107411295 0 0 0 0 0 0 2.7159576 0.99612427 0 0.63067025 0.5140012 0.2635173 0 0.13456438 0.11934327 0 0 0.10002634 0.1227947 0 0.2914284 0.17191227 0 0 0 0 0 0.10925375 0.16141123 0 0 0
"20120600_E2D_1" 0.15295732 2.766628 1.3282254 1.8936734 34.382507 0.2569636 1.4102055 1.2790464 0.27483082 1.4436836 0.5089005 0.8686741 0.5292073 0.45324704 0.21000506 0.08585166 0.5756742 1.4285631 2.3173733 0.26692522 0 0 0.10249377 0.18012516 0.12793532 0.0833101 0 1.3278506 0.2642906 0 0 0 0.07537761 0.30872416 7.317582 0.2960297 2.1035056 11.111247 0.6671614 3.035108 0.5108633 0.9394213 0.8295933 0 2.0178404 3.7820446 2.0187917 0.49258375 4.6031003 1.2269473 0.7949036 2.5502858 2.6816373 0.67891395 0.31571245 9.670382 1.9159483 0.50412613 1.0792627 0.18512343
"Bog.Unlabelled.R3.T3.F3.JGI.BFC.metaspades_bin.2_81.64_4.58" 0.15017812 0.34897912 0 0 0.23312669 0 0 0.06110417 0 0.1307074 0 0.08835258 0 0 0 0 0 0.1992689 0.15865912 0.0679554 0 0 0 0 0 0 0 0 0 0 0 0 0 0.06346289 1.6813295 0 0 0.24023582 0.28042364 0.07254376 0 0 0 0 0 0 0 0 0 0 0 0 0 0 0 0 0 0 0.0674322 0
"3300036888_6" 0 0.10250208 1.9464295 0 0.5301223 0.43355602 0 0 0.2504788 0.055813525 0.91987014 0 0 0.6037182 0 0 0.5298872 1.2436165 0.79742396 0.12905502 0 0 0 0 0 0 0 0 0.08726245 0 0 0 0 0 1.2990863 0.23007703 0 0.29642034 0.6699392 0.14071263 0 0.35615826 0.4721693 0 0 0.11669899 0.5427273 0 0.2991537 0.4146 1.2479944 0 0.13060148 0.2457286 0 0 0.07004347 0 0.061172582 0.12609965
"20120700_S1D_27" 0 0.27018 0.12614328 0 0.2338789 0.07744623 0 0.06749266 0.11063713 0.19584566 0 0 0 0.063909315 0 0 0 0.4414127 0.55771834 0.43524635 0 0 0 0 0 0 0 0.06835547 0 0 0 0 0 0.08758215 0.5361485 0.20513484 0 0.12224826 0.45190954 0.098001346 0 0 0 0 0 0 0 0 0.083195515 0.059745055 0 0 0.14280783 0 0 0.09775092 0.056336533 0 0.16323602 0
"20170700_S25_25" 0 0 0.2761747 0 0.44953835 0 0 0 0 0 0 0 0 0.059304424 0 0 0 0.15338938 0.11850401 0 0 0 0 0 0 0 0 0 0 0 0 0 0 0 0 0 0 0.2161577 0.16741793 0 0 0 0 0 0 0 0 0 0 0.088473305 0 0 0 0 0 0 0 0 0 0
"20140700_E22_12" 0 1.296178 4.3053045 0.9165089 15.968284 5.7600226 0 0 1.788136 0 0.59848064 1.8335477 0.10531808 6.4936767 0.15057325 0 3.3301382 13.411105 15.123758 7.7547684 0.47266138 0.5484941 0 0 1.1074405 0.06231579 0.16078219 1.64594 1.7490367 0.06559889 0.10939717 0 0 0 0.4412919 0.33031896 0.39713293 18.386621 16.09768 2.8594162 0 5.0496206 1.3050362 0 0 0.11802629 0.29754543 0 7.0918865 5.333133 3.4794765 0 6.7420464 1.2822952 0 0 0 0 1.340914 0.86616224
"20150700_S23_3" 0 0.37464508 1.1643416 0 2.820627 0.11296366 0 0 0 0.1689956 0.19374228 0.11118892 0 0.13095552 0 0 0.072050475 0.39356014 0.32191825 0.20589675 0 0 0 0 0 0 0 0.12988867 0.11099225 0 0 0 0 0 4.05529 0.21067731 0 2.4007623 0.7310816 0.50751424 0 0.54489803 0.7187367 0 0 0.1570397 0.1540821 0 0.92270976 0.2689117 1.5123149 0 0.52537245 0 0 0 0.55652505 0 0.14661606 0
"PMKN01" 0 1.8994277 0 1.3446387 24.999939 0.2656584 0 0 0.11164313 0 0 1.3998227 0.76698875 0.41100818 0 0 0.15900284 1.416531 2.5545936 0.7609682 0 0 0 0 0 0 0 0.9881853 0.07935305 0 0 0 0 0 0.30076435 0 1.0308868 3.2011793 1.1384201 0.9739086 0 0.243411 0 0 0 0 0 0.14222953 2.6434014 0.12701112 0.0597864 1.2798655 0.56636363 0 0 0 0 0.21048844 0.88080996 0
