"genome" "711_E-1-S" "711_E-1-M" "711_E-1-D" "711_E-2-S" "711_E-2-M" "711_E-2-D" "711_E-3-S" "711_E-3-M" "711_E-3-D" "712_E-1-M" "712_E-1-D" "712_E-2-S" "712_E-2-M" "712_E-2-D" "712_E-3-S" "712_E-3-M" "712_E-3-D" "713_E-1-S" "713_E-1-M" "713_E-1-D" "713_E-1-X0" "713_E-1-X1" "713_E-2-S" "713_E-2-M" "713_E-2-D" "713_E-2-X0" "713_E-2-X1" "713_E-3-S" "713_E-3-M" "713_E-3-D" "713_E-3-X0" "713_E-3-X1" "714_E1_1-5" "714_E1_5-9" "714_E1_20-24" "714_E1_30-34" "714_E2_1-5" "714_E2_5-9" "714_E2_20-24" "715_E1_1-5" "715_E2_1-5" "715_E2_20-24" "715_E2_30-34" "715_E3_1-5" "715_E3_10-14" "715_E3_20-24" "715_E3_30-34" "716_E1_1-5" "716_E1_10-14" "716_E1_20-24" "716_E1_30-34" "716_E3_1-5" "716_E3_10-14" "716_E3_30-34" "717_E2_1-5" "717_E2_10-14" "717_E2_20-24" "717_E3_1-5" "717_E3_10-14" "717_E3_30-34"
"20120600_E1D_5" 0.18172793 1.0609742 2.869574 0.32482383 0 0 1.1687006 0.57167387 1.5285602 1.1142923 0.13786152 0.2548627 1.1337245 0.5363951 0.07255782 0.61912 0.8518952 0.91683483 0.92371213 0.724152 0.49519077 0 0.11854453 0.47878575 0.13684042 0 0 0.91468716 0.07691557 0.31054595 0 0 0.11964275 0.14566818 0 0 0.11635004 0 0 0.6471232 2.7534194 0.25851658 0.30915293 0.22059621 3.466593 1.2056097 0.88593817 0 0.40542454 0.22055715 0.056619447 0 0.8363795 0.67947537 1.828608 0.4096056 0.16563727 0.8943598 0.7455581 0
"20120600_E3D_36" 2.6755035 2.2503443 0 2.0796626 0.62229705 0.18530399 0.4401543 0.18307316 1.0352595 0 0 0.64858407 1.7916507 0.62529063 0.34188992 1.6295887 0.42749888 0.6648871 0.37805352 0.13843241 0 0 1.2804383 1.299164 0.85047233 0.11263243 0 1.4875982 0.49174178 0 0 0 0 0 0 0 0.18685932 0 0.070399165 1.1028223 1.8250091 1.1560968 0.90651387 0.74969655 1.0305048 0.09308708 0.11402912 2.3212361 1.0605073 0.5484304 0.4318781 0.66560763 1.4279852 0.5103103 0.9575582 0.13941203 0.17217883 1.7385833 0.96665126 0.2770685
"3300038519_6" 0 0.10836646 0 0.25888115 0.34063935 0 1.514708 0.7003574 0 0.57737297 0 0.13358429 0.17215058 0 0 0.13530526 0 0.07240287 0.23961632 0 0 0 0 0 0 0 0 0.09103076 0 0 0 0 3.3592622 2.4577894 0.3492156 0 0.5738871 0.41084558 0 0.24569026 0.9056358 0 0 1.6649266 1.2462245 0.081626296 0.057587046 0.40630937 0.23016788 0.06490701 0 0 0 0 0.73694324 0.77627546 0.07915186 0 0.06787984 0
"PMAZ01" 1.8541278 2.0491881 0.21521768 1.2642115 1.8833091 0.0564278 4.618733 1.772214 0.38094637 1.100634 0 0.36542425 0.66858494 0.24643967 0.26818487 1.33989 0.25341645 0.9033279 0.81156933 0.17175865 0 0 0.9746924 0.52484024 0.3204946 0.06734331 0.17088386 1.2098645 0.098743014 0.185419 0.23123993 0 1.3444158 1.3559084 0.90098906 0 0.5781595 0.43185315 0.06507218 0.88974726 2.3378053 0.30587748 0.28441784 1.1656077 2.1864219 0.93893695 0.3915659 2.197207 1.7555574 0.49392742 0.28774035 0.38018933 1.0957159 0.2616097 1.6640389 2.221904 0.6629093 0.5414341 0.5221702 0.06289513
"20170700_S35_8" 0.6845383 1.8120631 0.2231322 0.8381502 2.4799473 0 2.241584 1.0271219 0.20976587 3.0305147 0.10420782 0.58489424 0.4460518 0.23963945 0.07127467 0.35877597 0.31575125 0.31474262 0.70908177 0 0 0 0.29720664 0.3143774 0.17635772 0 0 2.0748124 0.059919484 0 0.08859198 0 1.4104304 2.0966842 3.9103937 0.92911065 0.5065924 1.6360085 0 1.3328582 1.4239097 0.40201324 0.26496544 0.7160897 1.951574 2.8575618 0.8951077 0.91515255 1.8297732 0.19103229 0.15657438 0.11926642 0.9847883 0.12280188 1.4676989 3.6707237 3.0448613 0.21928576 0.98994213 0
"20110800_E1S_5" 3.014194 1.7053969 0.18939635 4.0105443 0.490884 0 7.8744884 1.6750845 0.37504694 0.89478415 0 2.0607126 2.1352348 0.75015175 0.5087039 2.5020306 0.379105 0.6631691 0.555352 0 0 0 1.5614798 0.8791954 0.15855189 0 0 0.531887 0.3048663 0 0 0 0.8369231 0.39502004 0 0 0.5058883 0.07169039 0 0.56512696 4.605061 0.27152956 0.29256126 1.1739604 5.129619 0.17750102 0.06614329 2.473276 0.56466675 0.11331066 0.13357046 0.8191325 0.26796886 0.0893678 2.6474319 3.2694743 0.11319621 2.1021938 0.6622279 0.12953737
"20120700_E3M_5" 0.09624537 0.14085938 0 0 0 0 0.22132984 0.13948983 0 0 0 0 0 0 0.11728185 1.0350659 0 0 0 0 0 0 0.07992724 0.22309005 0 0 0 0.071776494 0 0 0 0 0 0 0 0 0 0 0 0 0.2711047 0 0 0.27952093 0 0 0 0.68166935 0.096429214 0 0 0 0.24201573 0 0.30899322 0.26760527 0 1.1923959 0.534042 0
"PMKW01" 0.46646318 4.0110464 5.375864 0.4875212 0.8108071 2.917571 13.261683 6.633 2.8929646 4.8818526 1.9970617 1.2667388 1.0725075 6.371295 0.39672917 0.45546293 4.724557 0.45938465 1.0203847 0.20944831 0 0 0.12031092 1.7842947 0.3732321 0.0946522 0.30663103 1.4904428 1.8594564 0.12203603 0 0 1.2227783 2.4235883 2.59662 1.2679851 0.9852744 0.5376427 0.6213413 2.4899364 4.5575404 1.5980372 2.9092822 2.5133803 3.9563212 0.9939327 1.8321636 0.5102533 1.5785335 1.7631474 2.5541456 0 0.78085834 1.954529 5.3912873 7.7325535 2.4395509 0.3956719 1.4001106 4.228465
"3300037104_19" 5.3005505 9.054543 5.6484556 4.347207 9.000399 7.418056 9.423485 5.7721066 6.461941 10.568144 5.0784574 3.2046494 3.1490374 8.772396 1.2856151 3.3524852 6.2876434 2.4235334 3.9791331 3.4865885 2.1403918 3.8691087 2.8124497 4.335869 4.0701394 0.5716746 1.839899 7.176915 3.304916 2.9055464 1.85692 1.2739452 1.7773846 2.684776 4.962321 6.2500844 1.6449114 3.6824696 5.985179 9.79712 3.5151186 7.0727434 5.1585865 3.2335107 8.322485 3.053714 2.2357693 2.951208 4.9536304 4.774944 3.8809872 0.9763026 8.171002 5.0295167 9.203525 8.070816 2.3491757 5.9242306 6.983747 4.175089
"20110800_E2S_11" 1.2595232 2.3661234 1.7231553 2.8571742 4.1478806 0.8124759 5.6154885 3.636355 0.922316 2.5445545 0.530864 1.4807144 3.0449295 1.0082383 0.13848865 0.38991493 0.8559582 1.3002151 1.8013406 0.441414 0.18713109 0 0.41407284 1.0247684 0.49293974 0.16144747 0.173127 2.1194878 0.21781239 0.05826501 0 0 0.84645367 1.285539 4.015183 2.634246 0.6246875 0.12705898 0.83534503 2.7382064 2.6490653 1.3091366 1.0660926 1.3655671 3.317641 2.7992876 0.99269795 1.3624202 2.4938736 1.4372896 0.9378604 0.07980643 1.6130888 0.57864696 4.50286 3.7380018 2.127815 0.4497251 1.1880318 0.19519882
"PMMV01" 1.7271641 1.1335206 0.49656692 0.8688394 0.7907274 0 2.903247 1.564342 0.53485334 3.8601794 0.1189457 0.50586283 0.4020783 0.48401767 0.2286546 1.2015895 0.53178275 0.13721928 0.43119475 0 0 0 0.7184278 0.63225037 0.4276349 0.09707158 0 0.9098464 0.15576202 0 0 0 0.8369845 3.181703 3.9156148 1.0699657 0.28143847 1.1146586 0 0.6819007 1.3013165 1.4743885 0.8705948 0.51675975 2.3576128 1.5852666 0.795535 0.9517601 0.9679439 0.2886028 0.23148276 0.27523658 0.8531956 0.3128654 1.0379387 2.128424 1.5728571 0.38960594 0.23417439 0.059447218
"Fen.Labelled.R3.T1.F1.trimmomatic.metaspades_bin.4_83.17_2.00" 0.71127456 0.48460945 0.06865868 0.23754485 0.07247626 0 1.4275815 0.61634874 0.25945106 0.64032924 0 0.30618167 0.25424227 0.121787846 0.29181695 1.5071995 0.11822399 0 0 0 0 0 0.5626809 0.58331615 0.31825116 0 0 0.22114097 0 0 0 0 0.19834712 0.65210444 0.3886781 0 0 0.08750847 0 0.15512648 0.9493074 0.15059926 0.099111885 1.5178521 2.216061 0.16551203 0.13200709 0.48672122 0.20785828 0 0 0.26901218 0.44481292 0 1.6381145 0.7423984 0.16204341 0.8753923 0.14200151 0
"PMCN01" 4.105514 0.18885748 0 0.60260177 0 0 1.5160652 0 0.07460434 0.077629164 0 0.5827044 0.4342501 0 0.22368245 0.67054677 0 0.37472054 0 0 0 0 0.3444778 0 0 0 0 0 0 0 0 0 0.3804156 0 0 0 0.5752507 0 0 0 1.1621116 0 0 0.11766107 0 0 0 0.275138 0 0 0 1.2583199 0 0 0.8873602 0 0 0.71136504 0 0
"Fen.Unlabelled.R1.T3.F4.trimmomatic.megahit_bin.27_72.03_1.57" 2.7788002 0.2595494 0 1.0617043 0 0 0.82069457 0 0.21073174 0 0 1.3613739 1.1767349 0 0.40239874 0.62828416 0 0.43245474 0 0 0 0 0.3277063 0 0 0.08105881 0 0.08471748 0 0 0 0 0 0 0 0 0.09410338 0 0 0 1.0274497 0 0 0.92521054 0 0 0 0.5249629 0.20265244 0 0 1.2546594 0 0 1.3340724 0 0 0.76208 0 0
"PMBM01" 4.367889 4.4563546 0.091394596 0.27094188 1.3179708 0 2.6740732 2.474306 0.4364031 3.3911076 0 1.3251897 0.47761583 0 0.12600382 0.93818164 0 0.8372413 0.88638896 0 0 0 1.499763 1.1327841 0.53765136 0 0 1.920515 0 0 0 0 0.8072796 0.84906197 0 0 0.12620601 0 0 1.3070459 1.052968 0.27675432 0.1090894 0.27879924 0.80347997 0 0 0.69561565 0.6868362 0 0 0.3466041 2.398539 0 2.9925206 1.8863285 0.09608211 1.7257447 1.7067585 0
"Fen.Unlabelled.R1.T1.F4.trimmomatic.metaspades_bin.21_75.31_0.26" 0.25129062 0.07180636 0 0.061317638 0 0 0.8028686 0 0 0 0 0.60521454 0.09899244 0 0.4838065 0.3067234 0 0 0 0 0 0 0.067300916 0 0 0 0 0 0 0 0 0 0 0 0 0 0 0 0 0 0.6471276 0 0 1.6750749 0 0 0 0.5844165 0.24038592 0 0 0.38269863 0 0 0.47192428 0 0 0.35397723 0 0
"Fen.Unlabelled.R4.T3.F4.trimmomatic.megahit_bin.1_91.07_1.12" 0.07093992 0 0 0.07168638 0 0 0.15330549 0 0 0 0 0.11747901 0.07274971 0 0.0951203 0.43554768 0 0 0 0 0 0 0 0 0 0 0 0 0 0 0 0 0 0 0 0 0 0 0 0 0.23626114 0 0 0.15798758 0 0 0 0.13158743 0 0 0 0.22380532 0 0 0.4752407 0 0 0.6381341 0 0
"20111000_S1D_14" 0.77224404 0.9719726 0 1.0498441 0.34068558 0 0 0 0.06870135 0 0 0.16438192 0.32182556 0 0 0 0 0.14174493 0.09259511 0 0 0 0 0 0 0 0 0 0 0 0 0 0 0 0 0 0.24866472 0.16784643 0 0 0 0 0 0 0 0 0 0.08672905 0.070294544 0 0 0.06551911 0 0 0 0 0 0.41428542 0 0
"20120600_E1D_9" 0.7130903 1.6270825 1.2924044 2.1651382 2.7746735 1.1006755 2.032282 2.5362482 1.0446372 1.3858716 0.59977746 0.71544194 0.97951794 1.1489367 0.124451734 0.37204185 1.0759686 1.0087221 1.4597611 0.6068379 0.6980868 0.8985229 0.3234621 0.46548486 0.6281242 0.58512855 1.4289457 1.3713837 0.43179026 1.071952 1.5044429 0.47443935 0.742148 1.5743328 4.958859 1.916297 0.47866118 0.8138688 0.8336391 2.180536 1.2025102 1.5259727 1.078706 0.14332883 2.3039184 2.3797474 0.94402856 0.41199574 1.6008741 1.1523225 0.9836057 0.090712026 1.5778301 1.0347997 1.9774587 2.9859657 1.6303638 0.430342 1.1021795 0.50590956
"20130700_C1D_14" 0.47515592 0.67229855 0.19073856 0.6098185 1.2448211 0.07067731 1.044638 1.1754671 0.10753632 1.5489469 0.06826436 0.5640125 0.5178797 0.18842827 0 0.22816332 0.12320045 0.47147277 0.66325146 0.13852386 0.36483073 0.12592728 0.14742433 0.194868 0.085857 0 1.0694289 0.3788433 0 0.660652 0.8915304 0.99335915 0.78199184 1.7704412 1.1072869 0.63211596 0.49936092 0.54390514 0.07006842 0.30012128 0.2311839 0.1118468 0.05617735 0.13094136 1.4637905 0.7722742 0.2804639 0.20941238 0.26200464 0.062085286 0 0.10340689 0.22421408 0 0.66353685 1.1814626 0.2716611 0.27386788 0.5235731 0
"20120600_E2D_38" 0.7456893 1.8389522 1.7731601 1.4000251 4.622002 1.7409207 1.7570983 3.0134866 1.6679108 3.3245022 0.37718976 1.6455294 0.7914875 1.8490021 0.26259094 0.25008968 1.9713324 1.3392102 1.8243467 0.84242266 0 0 0.3508375 0.44278654 0.7483411 0 0.06543822 1.6858485 0.6715286 0 0 0 1.0008534 2.7715037 7.7886066 1.2197641 0.5480568 2.7883132 1.4536859 1.8399351 0.48061156 1.7086741 1.2686213 0.22140759 2.1388133 2.3316426 1.0362244 0.3770223 1.2730815 1.2591269 1.7514238 0.11106211 1.2444661 1.5965383 0.92381495 4.710015 2.4391446 0.41617322 1.4579961 1.2469835
"20120600_E3D_25" 1.2607937 1.746685 0.30700073 0.39190143 0.59521604 0.14597647 2.880374 1.6003212 1.21802 1.2482404 0 1.261001 0.67660815 1.136569 0.5717744 1.1357564 1.0190531 0.47508985 0.7318179 0.09737347 0 0 0.7750418 0.68496114 0.55231214 0.09416017 0 0.7912821 0.44667432 0 0 0 0.8965263 2.2782702 0.46256012 0 0.36339206 0.119615644 0.15391792 0.7699712 0.8244834 0.63262683 0.52791566 1.0269576 2.6007395 0.2017347 0.74558336 0.5480663 0.5975948 0.5880907 0.5568354 0.43344584 1.5551335 0.70052576 1.7817291 2.395304 0.548441 2.255974 1.389994 0.6561853
"3300037239_6" 8.2702055 0.576056 0 1.0622251 0 0 0.3357242 0 0 0 0 0 0.07608724 0 0 0.0645945 0 0 0 0 0 0 0 0 0 0 0 0 0 0 0 0 0.09357439 0 0 0 0 0 0 0 0 0 0 0 0 0 0 0 0 0 0 0.063624434 0 0 0 0 0 0.15957448 0 0
"PMDT01" 0.7898139 0.96175754 0.22736572 0.30402693 0.3818778 0.15788202 1.4139719 0.5940301 0.36544728 0.20581879 0.29963967 0.20872785 0.5062039 0.24809211 0.07132809 0.37291107 0.37829608 0.34378025 0.23745948 0 0 0 0.24917115 0.9905897 0.32381758 0 0 0.42013663 0 0 0 0 0.3496111 0.594738 0.079966515 0 0.14760417 0.21743415 0 0.30926052 1.0571125 0.13512583 0.12392268 0.29434538 0.28920156 0.27329096 0.37700522 0.8892711 0.78612864 0.23433174 0.1939051 0.061029352 1.9514382 0.23843081 1.0161253 0.7469292 0.3735622 0.36011449 1.1507665 0.1506996
"PMBX01" 0.16334955 0.0715758 0 1.1920923 0 0 0.8597007 0.17438084 0.1616704 0 0 0 0 0 0.081524976 0.7792779 0 0 0 0 0 0 0.13289423 0 0 0 0 0 0 0 0 0 0 0 0 0 0 0 0 0 0.9401122 0 0 0.10265738 0.83676463 0.24832042 0 0.61957043 0.20276211 0 0 0.2274477 0 0 1.344942 0 0 0.88188297 0 0
"Fen.Unlabelled.R1.T2.F4.trimmomatic.metaspades_bin.48_89.46_5.98" 0 0 0 0 0 0 0.06422656 0 0 0 0 0.55925554 0.10661455 0 2.387 0.3757924 0 0 0 0 0 0 0 0 0 0 0 0 0 0 0 0 0 0 0 0 0.069576204 0 0 0 0 0 0 0.3574093 0 0 0 0.10054844 0.21199486 0 0 1.3146299 0 0 0.058352645 0 0 0 0 0
"Fen.Unlabelled.R2.T3.F3.JGI.BFC.metaspades_bin.13_89.21_3.77" 0 0.08937693 0 0 0 0 0.16273567 0 0 0 0 0.14634386 0 0 0 0 0 0 0 0 0 0 0 0 0 0 0 0 0 0 0 0 0.07412012 0.05970056 0 0 0 0 0 0 0.07156015 0 0 0 0 0 0 0.07352876 0 0 0 0 0 0 0 0.075720035 0 0.066366695 0 0
"20170700_S34_36" 0.22773972 0.40140852 0.7286338 0.2895142 0.9816136 0.4872866 0.38724393 0.61558586 0.36956936 0.5049867 0.28413102 0.27519584 0.4388864 0.5189749 0.06939757 0.26688856 0.38063073 0.5496196 0.5908688 0.3179542 0.38869852 0.7657857 0.20340137 0.3577098 0.302494 0.074685365 1.5280726 0.3288406 0.11876462 0.50911564 0.49497968 0.17679648 0.07638414 0.19338335 0.7790782 0.3755252 0.15810007 0.5207747 0.6911336 0.60679364 0.3443392 0.5592444 0.39383835 0.10047572 0.8120647 0.620119 0.2638516 0.15313004 0.44751048 0.36115134 0.22739673 0.06350546 0.33722374 0.27840838 0.41492727 0.5314284 0.57828945 0.25252923 0.5458684 0.3176248
"20110700_P1D_2" 0.06446318 0.19295084 0.18224193 0.41000018 0.37129015 0.3805761 0.2804398 0.1417971 0.6599288 0.16133791 0.13437481 0.20347247 0.38197535 0.64351004 0 0.17220475 0.3464685 0.20910287 0.24265291 0.093974724 0.12415835 0.29051 0.07482855 0.057565406 0.112217784 0 0.4541216 0.17616113 0.15206264 0.2114246 0.16644615 0 0.06654053 0.058143336 0.3488954 0.33030212 0.06907728 0.0846023 0.63956064 0.4207645 0.42363015 0.35735404 0.25489998 0.07553302 0.27123228 0.21406086 0.12071113 0.16184807 0.3002554 0.3965485 0.23431715 0.07004117 0.20279002 0.3789882 0.48586974 0.34753454 0.34065047 0.3502489 0.25137463 0.24828766
"20110800_E3D_41" 0.532441 1.0507137 0.3157474 1.7631229 1.5563389 0.54372036 2.6392314 1.052684 1.2842577 0.11261347 0 0.29928428 0.7088663 0.5762275 0.14400667 0.6750647 0.35475484 0.27333376 0.3077994 0 0.5209549 0 0.45050144 0.3689432 0.25632554 0.11681383 0.3543875 0.71114105 0.15273835 0.792255 0.34776193 0 0 0 0 0 0 0 0.079170465 0.6730884 0.39847136 0.6877655 0.5964547 0.09036233 0.7703205 0.26742435 0.6249931 0.4453117 0.58811975 0.5761638 0.5174368 0.06250407 0.7508307 0.17857306 0.30347902 0.2519324 0.30828288 0.84897244 0.6765747 0.17360476
"20120600_E2D_8" 0.55358523 0.55802095 0 0 0.7455792 0 0.095657155 0.7910906 0.15026785 0.15223934 0 0 0 0 0 0.39353478 0 1.5089393 3.238592 0 0 0 0.23372422 1.2747419 0.31305447 0 0 2.0586326 0 0 0 0 0 0.16708474 0 0 0 0 0 1.7900386 0 0.07077584 0 0.06833438 1.7204217 0.24160226 0 0.919562 0.64045787 0.06980892 0.10189283 0 0.62610984 0.11073638 0 2.719023 0.15288596 0.23696804 0.82481736 0
"20120600_E2D_9" 3.6626246 5.2453732 0.66528577 5.639927 2.9253716 0.42123803 1.0486962 3.50428 2.6915488 2.0796409 0.3997649 0.6280762 3.7282844 1.0154518 0.21949144 0.84745115 1.0356362 0.6932959 0.7778914 0 0.30923992 0 1.3916254 2.2839766 2.3608367 0 0 1.9104439 0.31865415 0 0 0 0 0.6470224 0.37925252 1.0843875 0.10713364 0 0.20079811 1.9248362 2.9415774 1.0451924 0.5847508 0 4.335132 1.4728073 0.5023001 0.9143336 2.3855886 1.2922026 0.39762262 0.19128348 3.8636985 0.6549103 3.9125748 5.1878386 1.985881 0.9495551 3.841462 0.39880326
"20120600_E2D_27" 0.24324848 1.5654962 0.2128676 4.079465 3.7388113 1.1814017 3.3094206 2.2684512 2.334329 1.3222481 1.4079844 1.9040849 4.415814 4.3673005 0.55154043 1.0593331 4.62443 0.24994567 0.22046188 0.10602412 0.49594426 0 0.6602671 0.51239467 0.7793521 0.28293556 0.19505118 1.4679382 1.2964435 0.11801101 0 0 0.61274356 0.13659097 0 0 2.1386416 1.1495878 0.4139324 1.7284994 3.0232518 1.0607595 2.765759 1.338606 5.0348783 1.0660639 0.5622213 0.8821248 0.9863951 1.4004083 2.3147175 0.19809176 1.1669406 2.7229328 2.868696 3.1344938 1.3206395 0.31400907 1.1224489 2.779022
"PMDB01" 0.32416546 1.930611 1.2252547 5.9761443 7.5964794 1.4062624 1.7794552 2.4099445 1.5851346 0 0.12617654 1.7407598 2.063227 3.0967157 0.76950157 2.8336654 2.7631142 0.8209441 1.3877704 0.31821474 0.2430591 0 0.46624067 0.5421951 0.52803844 0.23362933 0.5826097 1.3543108 2.6900196 0 0 0 0 0 0 0 0.13167416 0.35598645 1.0135024 4.121269 5.8259835 2.8602345 3.678627 0.9450993 3.1600454 2.2375388 1.6071413 2.93798 2.5511832 1.3632208 6.303386 0.596904 1.3520372 3.0103283 1.7826134 5.960535 3.2680228 0.6551377 1.15906 2.0455625
"PMCM01" 0.30184215 0.7462034 0.06470396 0.5748644 0.854526 0.29007426 0.21862303 0.115940414 0.45150703 0.118668385 0 0.30059218 0.38637888 0.31143326 0.14223653 0.76845956 0.18876678 0.14311641 0.20025657 0 0 0 0.09907713 0.13590494 0.27216804 0 0 0.6042137 0.2386965 0 0 0 0 0 0 0 0 0 0.18136972 0.40928903 0.23251498 0.612887 0.27344903 0.81616557 1.3585231 0.31652892 0.13609475 0.17442122 0.24446076 0.2565786 0.38149533 0.10741135 0.4497801 0.63177335 1.1842228 0.3896299 0.34967646 0.25702107 0.38322172 0.30589408
"PMDS01" 0.059999615 0.40124947 0 1.81233 0.20388171 0 2.0255854 1.7189265 0 0 0 0.124746434 0.7236979 0 0 0.078108944 0 0 0 0 0 0 0.14988263 0 0 0 0 0.26017493 0 0 0 0 0 0 0 0 0.06977005 0 0 0.16500328 1.6528561 0 0.109001294 1.1060874 2.4523191 0.27038923 0 0.3340822 0.8196104 0 0 0.16810209 0.11896565 0 4.1256638 2.5657868 0.6124015 0.39702 0.4246583 0
"20120600_E3D_29" 3.022433 6.715349 1.9807215 2.1377003 4.895204 1.1313938 4.5719266 2.0944295 2.7233803 1.521877 3.1262653 1.5398254 3.2211497 1.6629868 0.3398581 0.6645268 2.2785282 1.0801408 1.2357124 0.8058036 2.9230375 0 1.306432 5.6016107 4.4883075 0.18266287 0.29042888 4.5719967 0.49050546 0.58725196 0 0 2.5927906 2.0730188 1.1872594 4.246044 0.712099 1.3477664 1.5820307 2.5192556 2.2634795 0.93269825 1.4717295 1.1074222 4.8465366 4.541663 1.9136493 1.4336264 4.6214237 1.9350812 1.1984223 0.34476283 4.666935 1.5693959 4.2599387 3.944224 2.0765643 1.4852324 2.6159194 0.59685594
"PMDY01" 1.3485436 1.183368 0.05917415 0.615738 0.18183658 0 2.7255673 0.8100458 0.33461455 0 0 0.10937573 0.30210912 0.32620966 0.16793807 1.0996425 0.29769275 0.07089943 0.067897305 0 0.47067663 0.2761975 0.6290404 0.38990456 0.2926005 0 0.20740473 0.45022044 0.106041245 0.32169002 0.29601416 0.30348408 0 0 0 0 0.09219523 0 0 0.26943636 1.5735883 0.20611162 0.29541853 0.12284446 0.6245159 0.09857824 0.1828328 0.5785869 0.41351676 0.2155293 0.35631493 0.264527 0.42539677 0.25704867 1.044397 0.37682718 0.23612238 0.39283508 0.30392438 0.14989236
"20120800_E3S_15" 2.7786753 14.894585 4.6666336 19.149214 30.783276 14.346364 9.13051 8.377957 11.678269 5.433269 1.1836482 8.688286 10.170793 16.063671 2.0784864 4.727149 12.017462 5.25578 12.320997 5.9866953 7.317059 15.747949 3.3433163 7.7741127 7.3577137 0.7688341 4.2598658 13.2386 6.4012055 7.3184805 10.39977 10.388329 3.655575 4.3356924 7.0677233 1.2737278 5.7914405 11.778416 13.254995 14.046519 11.390382 10.174283 8.955967 1.2123173 15.05982 9.285553 4.41959 5.999241 17.449783 12.895908 17.724762 1.9644781 12.269197 11.12743 7.821584 14.891277 9.088802 3.4384413 8.413091 5.337888
"20120600_E3D_13" 3.3508344 7.0545926 0.080808334 3.1384554 0.8808757 0 4.7255983 0.7290519 0.80805063 0.36656225 0 1.9952397 2.688812 0.10861714 0.7040817 3.0089226 0.09387414 0.64172685 0.20111893 0 0 0 1.5952749 2.5601676 1.4253252 0 0 3.3110366 0.08390968 0 0 0 0.73908854 0 0 0 1.3933119 0 0 0.7070716 3.5507762 0.075731516 0.15729105 1.962354 0.48640892 0 0.16062318 2.4293551 1.442562 0.105437554 0.126928 1.5430292 1.8658752 0.08348241 5.6728897 1.763605 0.7254194 1.5687196 2.2826834 0.18409197
"Fen.Labelled.R2.T3.F3.JGI.BFC.metaspades_bin.38_80.01_9.95" 0 0 0 0 0 0 0.07808222 0 0.098932035 0 0 0.4411293 0.21952522 0 0 0 0 0 0 0 0 0 0 0 0 0 0 0 0 0 0 0 0.24494548 0 0 0 0 0 0 0 0 0 0 0.29764417 0 0 0 0 0 0 0 0 0 0 0.060140762 0 0 0 0 0
"20110800_E2S_12" 0.20033027 0 0 0.422658 0 0 0 0 0.06639605 0 0 0.7899859 0.5327532 0 0.32108635 0.6736112 0 0 0 0 0 0 0.10375481 0 0 0 0 0.059770785 0 0 0 0 0 0 0 0 0 0 0 0 0.5918441 0 0 1.0901645 0 0 0 0.8262123 0.42210922 0 0 1.8108935 0 0 0.84631413 0 0 0.530518 0 0
"3300037355_2" 0.43363985 0 0 2.4988644 0 0 0.7519523 0 0 0 0 2.08217 9.205234 0.114918955 0 0.354469 0 2.021709 0.1934132 0.094379015 0 0 0.18051581 0 0 0 0 0 0 0 0 0 0.59668374 0 0 0 6.1016726 0.14468378 0 0 0.10535833 0 0 0.3734336 0.1533784 0 0 1.0923616 0.29242343 0 0 0.6606383 0 0 0.33017322 0 0 0.78958756 0 0
"PMBA01" 0.4306398 0.077836685 0.069282174 3.417765 1.3371738 0 3.6339314 1.991005 0 1.0838015 0 1.2770766 3.177253 0.08051188 0.084129244 1.0521533 0 0.38358065 0.19639932 0 0 0 0.49331775 0 0 0 0 0.09868903 0 0 0 0 2.633824 1.8236741 0.27031487 0 2.2975135 1.203493 0.05691958 0.37843964 2.3576953 0.08090673 0.08167154 0.11184106 2.5591948 0.69755626 0.08016317 0.43377292 0.22983892 0 0 0.1877767 0.1374446 0 1.4864482 1.6995527 0.26452327 0.32618353 0.075279556 0
"20110800_E1S_2" 2.096296 2.8256733 1.1099696 2.7289617 2.1320007 1.866098 6.796279 2.8255157 2.7947986 1.040643 0.5519062 1.4308103 4.266344 2.6950328 0.3998967 0.8559139 2.3573418 0.72691834 0.7247363 0.21544963 0.82624644 0 1.0377084 1.523973 0.70288974 0.62756467 0.08258325 2.815355 1.0973545 0.50740474 0.0811027 0 0.2686794 0.10188045 0 0 0.3645236 0.114646226 0.8858148 3.2080991 2.9546824 3.4418352 1.8887728 0.7212496 4.6665277 1.666887 1.319479 1.319967 1.7258584 1.718747 2.326071 0.25135484 4.253736 2.2075949 1.7105677 2.206331 1.4743899 1.1895161 0.94009703 0.6799472
"20120600_E3D_2" 0.9772729 2.0455348 0.19781569 1.0622966 3.92418 0.110707715 1.4706008 1.9304672 0.515262 4.0568776 0.09516914 2.154219 0.9887064 0.18240078 0.23511215 0.25394762 0.080180876 1.7874321 3.1505706 0.307767 0.06988853 0 0.52428395 0.5414361 0.19981927 0.10277267 0 0.4633835 0 0 0 0 1.0841148 2.2130034 4.9653707 2.4073763 0.43730173 1.3605566 1.175405 1.7466435 0.4984752 0.4161227 0.18748106 0.21350928 2.441559 2.4444618 0.5492323 0.20428936 0.693532 0.31400287 0 0.15593112 0.7723216 0 0.53090274 2.0593917 1.7821679 0.26979375 1.1379027 0
"PMMQ01" 25.397408 17.705795 3.1600354 9.794026 27.75773 2.41036 6.5802503 5.1616006 6.988315 2.9708014 0.061747473 2.98983 4.808248 3.6872447 1.8938394 5.215635 3.728191 5.857276 9.224852 2.4664943 0.66921943 0 7.6698747 10.896676 9.808074 1.6601839 0.107434526 12.7860775 2.391631 0 0 0 0.28867912 0.39519367 5.1602654 2.83138 0.45117018 0.18657388 4.1350884 12.198474 5.2119436 7.599473 4.5104227 0.26189175 5.812061 6.213569 4.659494 6.2309337 13.70477 9.108466 3.5510786 3.5118618 7.1238623 5.143217 8.938621 10.718592 8.065373 5.6884785 8.926155 3.215483
"PMCI01" 0.67911464 0.82735837 0.23894261 0.75958276 0.7487036 0.26368338 1.9972725 0.85222095 0.6867602 0.33905348 0.14173926 0.25006214 0.45839116 0.5581212 0.2094869 0.99140006 0.4400222 0.2920274 0.36525768 0.10875033 0 0 0.38682038 0.3444094 0.38324133 0 0 0.5566316 0.2600089 0 0 0 0.23556255 0.078445695 0.17757049 0.08689547 0.11240169 0.107648365 0.2362613 0.7106867 1.352949 0.5177878 0.48674417 0.510052 0.89476687 0.47497135 0.3153953 0.81078374 0.85597146 0.5522543 0.5489932 0.32434407 0.4646307 0.60932666 1.6156802 0.9244238 0.71631616 0.6106034 0.45043892 0.2550074
"20160700_E13_6" 4.670879 13.345538 8.673855 12.153279 18.705542 6.919573 9.915529 13.539263 12.143161 3.4943564 3.92234 4.378155 7.904285 12.716264 2.0835807 5.2737722 10.427033 7.526511 8.896163 5.230696 3.8808799 2.7621217 3.8186512 8.115765 8.311988 2.7445302 2.967919 9.892477 4.339874 4.933899 3.4430602 0.7603158 1.3400495 2.7467642 14.959363 9.222703 1.7031437 4.061307 7.737158 10.54597 9.85941 7.8201137 7.2611613 1.205596 10.782986 12.442647 9.567574 5.652797 17.948643 11.3383465 10.977835 0.7244672 8.6774435 8.58726 7.0641694 9.304473 9.498008 4.095344 8.487984 6.150095
"20150700_E34_11" 9.018344 12.540014 11.52092 12.262631 10.89108 12.872347 16.134829 10.376337 15.907769 5.3765182 12.761438 4.435015 9.113249 17.996176 2.9286397 7.9702535 15.2495985 7.562551 8.20257 4.9628334 21.830254 15.220177 5.9748344 6.7453938 7.656105 3.9332352 22.665407 8.342895 6.4799004 12.420158 14.007604 14.995735 2.0958362 4.804814 26.159037 15.280506 2.1557074 3.6197896 9.963217 13.514159 13.2122345 13.1715 14.577517 2.7064168 13.406506 12.65019 11.104774 6.678425 11.479959 14.096063 11.824868 1.7438087 11.257331 13.855603 13.71142 10.651447 10.516824 8.882132 8.512809 10.292186
"PNBO01" 0.61730605 3.9701314 0.23156065 7.503174 4.820932 0 3.85493 3.6775525 0.5711245 0.42242667 0 2.6226306 4.6774483 0.65473914 0.5534723 4.2056975 0.9909313 0.3576858 0.27577925 0 0.1105785 0 1.6050701 0.37736565 0.3201871 0.07422754 0.15298982 1.9692605 0.57518256 0 0 0 0 0 0 0 0.68481666 0.98670524 0 2.6758795 5.6986213 0.7854835 1.4765455 1.0192474 7.0255723 5.5619936 2.7907836 2.669864 3.7337768 0.53371096 1.2745492 2.1842415 1.4773364 0.5613084 4.812965 10.915263 2.3988945 3.6311777 2.7250648 0.25480512
"20120600_E1D_16" 0.07824017 0.34247622 0 0 0.084753685 0 0 0 0 0 0 0.6609931 0.14467944 0 0 0.99049467 0 0 0.06592523 0 0 0 0.105280906 0.591055 0 0 0 0.49609962 0 0 0 0 0 0 0 0 0.07673797 0 0 0.14508341 0.09438228 0 0 0.27942914 0.13639016 0 0 0.9694834 0.35085422 0 0 0.20240916 0.29953387 0 0 0.57948786 0.06186753 1.470357 0.4521231 0
"PMCP01" 0 0 0 0.073122956 0 0 0.41061917 0 0 0 0 0.78321284 0.70514953 0 3.1718636 1.0476668 0 0.25642678 0 0 0 0 0 0 0 0 0 0 0 0 0 0 0.17513052 0 0 0 0.36671302 0 0 0 0.20646594 0 0 0.63639843 0 0 0 0.44760385 0.20751736 0 0 2.6235504 0 0 0.5795856 0 0 0.17075892 0 0
"PMDM01" 0 0 0 0 0 0 0 0 0 0 0 1.3344202 0.22307695 0 1.9048147 0.41039005 0 0 0 0 0 0 0 0 0 0 0 0 0 0 0 0 0 0 0 0 0 0 0 0 0 0 0.17031896 0.20755127 0 0 0 0.06037069 0.2642811 0 0 4.4808483 0 0 0.1206861 0 0 0 0 0
"PMCJ01" 0.6553852 0 0 1.1722244 0 0 0.35275102 0 0 0 0 0.4504492 1.1453809 0 0.105517104 1.0997239 0 0.13102837 0 0 0 0 0.64334404 0 0 0 0 0 0 0 0 0 0.2228436 0 0 0 0.59805065 0 0 0 0.5454076 0 0 0 0 0 0 0.41166916 0 0 0 0.8907535 0 0 0.30799088 0 0 0.67640316 0 0
"20100900_E3S_1" 0 0 0 0.16207504 0 0 0.94394535 0 0 0 0 0.2740575 0.75508064 0 0 0 0 0.7229888 0 0 0 0 0 0 0 0 0 0 0 0 0 0 2.1972382 0.124238394 0 0 1.6029621 0 0 0 0 0 0 0.06622508 0 0 0 0 0 0 0 0 0 0 0.06126695 0 0 0 0 0
"20120600_E2D_47" 0.6762636 1.8182945 0 0.26650378 0.70603144 0.08959377 0.5713417 0.44008583 0 0.28864852 0 0.06301713 0 0 0 0.15185729 0 0.1280492 0.3315463 0 0 0 0.22315098 0.51796514 0 0 0 0.2688897 0 0 0 0 0.487294 0.30254897 0 0 0 0 0 1.1460665 0.78705174 0.2337968 0 0 0.11788922 0 0 0.12497856 0.08796073 0 0 0 0.51797855 0 0.6031357 0.4107685 0 0.072718635 0.6977929 0
"Fen.Unlabelled.R2.T3.F2.trimmomatic.metaspades_bin.22_97.12_0.14" 0 0 0.10731948 0.20445961 0 0 0.26987755 0.18717642 0 0 0 0 0 0 0 0 0 0 0 0 0 0 0 0 0 0 0 0 0 0 0 0 0 0 0 0 0 0 0 0.07298646 1.2005267 0.10938803 0 0 0 0 0 0.21995153 0.067782655 0 0 0 0 0 0 0 0 0.12055544 0 0
"20110800_E2S_4" 5.854785 7.1951184 0.43690568 2.0158565 0.4491609 0.70854133 6.7015734 3.7192523 1.4899755 1.1225787 0.2093177 1.6148871 2.8920968 2.3451035 0.88544774 5.430352 2.125755 0.46362543 0.2174788 0.34759274 0.4112007 1.3097174 2.7671182 2.6714234 1.3278265 0.10235233 0.8301656 4.482701 0.6886982 0.28430027 0.2617138 0 0.22781354 0.33486784 0.46976107 0.15221813 0.4270306 0.17938295 0.83864874 2.0368521 10.2566805 1.3029659 1.0459977 0.7340996 4.044289 0.4954269 0.36144188 2.0483754 1.3976278 1.0294937 0.6875142 0.92441714 1.8784947 1.016836 12.720262 6.456466 2.2631752 4.607558 6.5825377 1.4933401
"20120600_E3D_45" 0.6871182 13.453946 1.0271848 6.725535 10.429979 0.98325026 1.9662111 2.9997964 1.8424419 0.7047088 0.11253044 3.3234406 1.289114 4.1891165 0.35356918 0.60573363 3.021419 0.41256726 1.0369675 0.10961146 0.081246994 0 1.1643431 0.788745 1.8672241 0.06901388 0.19575717 5.0743513 1.5345588 0 0 0 0.072303504 0.0635886 0.07862314 0 1.0817201 2.6008835 0.30245575 8.819213 2.1528668 3.1701643 3.8308346 0.30829453 6.4594097 5.391906 2.868703 1.3598415 5.1717367 2.0191593 4.3397536 4.6214876 3.4837704 1.0345457 2.0485182 19.250418 4.0969343 3.066632 12.375851 1.2675672
"PMJT01" 2.4914474 2.3107426 0.41254726 4.6447883 5.6594777 1.0463029 1.6452051 1.3619648 1.2000673 1.284983 0.20212556 1.7305152 1.9485087 1.2853309 0.18418631 0.95617807 0.9878865 1.0996114 1.45813 0.7879729 0.2630729 0 1.3278213 0.7498821 1.276245 0.24821623 0.2272785 1.832545 1.1170717 0 0 0 0.2678456 0.7956303 0.5593898 0.33076403 0.35055745 0.7571976 0.6864322 1.8041906 1.3979523 0.73012453 0.4473269 0.11419158 6.5017276 3.1520286 0.47088712 1.2648796 1.8511436 0.58146095 1.0907995 0.42292416 2.2766943 0.91482043 2.2681143 4.667166 3.1759315 0.91852164 2.1541424 1.4595075
"PMBG01" 0.9751469 0.5958908 0 0.06782539 0 0 1.2378329 0.12123214 0 0.08245796 0 0.5830968 0.6160775 0 0.42340985 1.3183084 0 0 0 0 0 0 0.45704454 0.07796905 0 0 0 0.11843724 0 0 0 0 0.14583151 0 0 0 0 0 0 0.09292335 2.0732322 0 0 2.1701472 0.4093262 0 0 1.620849 0.05818983 0 0 0.24729498 0 0 1.0965345 0.08185769 0 1.783069 0.1279177 0
"PMBR01" 1.3596516 3.210126 0.9215326 2.696804 2.938167 2.3891954 11.939569 7.8102183 1.6406932 1.0079029 0.21810621 1.4306551 1.5021302 1.9359617 0.20967169 1.934713 1.1313225 0.76234984 0.6912621 0.84715503 0.461031 0 0.88337165 0.5076753 0.50417244 0 0 4.1453376 1.5174142 0 0 0 1.9600037 3.6544728 0.27939728 0.1785498 2.6641703 0.9562983 2.1460445 1.194408 6.8753834 1.2198133 0.46005955 0.20981707 4.8446417 0.3860598 0.10616909 0.7063352 0.6873287 0.53058076 0.60685855 0.17685731 2.8218422 1.023404 4.213944 1.7349918 0.19435048 0.43893287 1.6347159 0.64119214
"Fen.Labelled.R3.T2.F4.JGI.BFC.metaspades_bin.9_70.09_1.38" 2.354027 1.1220746 0 6.120201 0.19127688 0 2.1158776 0.28473878 0.62041885 0 0 5.015983 10.000675 0.20570903 0.8784846 2.64481 0.08501058 2.1670368 0.1286385 0 0 0 2.6293871 0.523896 0.16869965 0 0 0.38262677 0 0 0 0 0.6207362 0.057914607 0 0 1.6094486 0 0 0.20738162 6.7081156 0 0.1924437 1.1599586 1.2829741 0 0 5.609281 1.3247852 0.06453316 0 8.989348 0.317211 0 3.106421 0.2098589 0 11.571508 0.6081878 0
"20130700_C1M_6" 16.281643 12.927054 8.580785 13.872676 31.615128 20.234373 16.525265 14.266323 12.2871475 16.721537 7.4084682 10.575037 13.874894 16.290411 2.0613716 2.7667375 13.367383 19.21093 21.37907 12.153372 3.543343 3.264626 6.1259403 5.279001 5.8976574 1.0377463 5.1340485 10.64217 6.8329945 3.128791 2.912602 0.400711 18.437777 21.941196 33.819096 16.493753 7.7821555 9.86464 22.958158 13.95103 11.893049 16.194992 11.079512 1.6971147 12.103686 15.819773 12.129342 9.5630245 12.972688 10.318386 11.344681 1.2611191 11.11858 11.918712 23.330978 22.016462 12.40545 3.7383544 8.764937 8.027228
"20110800_E2S_1" 17.973652 10.469943 0.5414504 9.133819 6.921774 1.0503132 14.703966 6.5298104 1.8496574 4.8796954 0.092178 6.866642 12.018031 1.5366094 0.9145214 5.94673 0.7724371 3.6011107 3.1342058 1.0845475 0.23198637 0.5704314 4.648514 4.5570426 1.0054797 0 0 4.465456 0.4043464 0.06376307 0.10624509 0 5.3328114 4.35826 0.88683826 0.12410418 4.5013123 1.1067182 0.80467623 3.9917753 16.054916 1.0903163 0.8881219 1.9762262 9.506787 0.95980775 0.39570615 7.020837 2.5138276 0.6572001 0.2972287 2.3275187 3.262234 0.3683705 19.219236 6.1714964 1.4007555 5.038836 5.150448 0.26457393
"Fen.Unlabelled.R2.T1.F3.trimmomatic.megahit_bin.38_73.55_6.79" 4.089802 0.59004474 0 0.22071645 0 0 0.35361972 0 0.58762425 0 0 0.12688026 0.06733071 0 1.0357275 3.949638 0 0 0 0 0 0 1.170791 0.10661528 0 0.057219554 0 0.16131923 0 0 0 0 0 0 0 0 0 0 0 0 0.7994529 0 0 1.835365 0.08263807 0 0 1.6765132 0.49535736 0 0 3.1795232 0 0 2.133112 0 0 3.5141919 0.07867132 0
"20110800_P1D_16" 0.30632323 0.21209782 0 0.23820768 0 0 0.32082918 0.24740098 0 0 0 0 0.154389 0 0 0.11580911 0 0 0 0 0 0 0.097732864 0.13609673 0 0 0 0 0 0 0 0 0.0810749 0 0 0 0.07688848 0 0 0 0.22732785 0 0 0 0.12139355 0 0 0.06800856 0 0 0 0 0 0 0.18397893 0.15433322 0 0.09906445 0.11150252 0
"20111000_P3M_22" 0.1512411 0.09184357 0 0.21221268 0 0 0.3254637 0.18536347 0 0 0 0 0.114467375 0 0 0.055797946 0 0 0 0 0 0 0 0 0 0 0 0 0 0 0 0 0.08390925 0 0 0 0.07793536 0 0 0 0.16040143 0 0 0 0.08051679 0 0 0.05648923 0 0 0 0 0 0 0.18044528 0.08514084 0 0 0 0
