"genome" "711_E-1-S" "711_E-1-M" "711_E-1-D" "711_E-2-S" "711_E-2-M" "711_E-2-D" "711_E-3-S" "711_E-3-M" "711_E-3-D" "712_E-1-M" "712_E-1-D" "712_E-2-S" "712_E-2-M" "712_E-2-D" "712_E-3-S" "712_E-3-M" "712_E-3-D" "713_E-1-S" "713_E-1-M" "713_E-1-D" "713_E-1-X0" "713_E-1-X1" "713_E-2-S" "713_E-2-M" "713_E-2-D" "713_E-2-X0" "713_E-2-X1" "713_E-3-S" "713_E-3-M" "713_E-3-D" "713_E-3-X0" "713_E-3-X1" "714_E1_1-5" "714_E1_5-9" "714_E1_20-24" "714_E1_30-34" "714_E2_1-5" "714_E2_5-9" "714_E2_20-24" "715_E1_1-5" "715_E2_1-5" "715_E2_20-24" "715_E2_30-34" "715_E3_1-5" "715_E3_10-14" "715_E3_20-24" "715_E3_30-34" "716_E1_1-5" "716_E1_10-14" "716_E1_20-24" "716_E1_30-34" "716_E3_1-5" "716_E3_10-14" "716_E3_30-34" "717_E2_1-5" "717_E2_10-14" "717_E2_20-24" "717_E3_1-5" "717_E3_10-14" "717_E3_30-34"
"3300036913_19" 0 0.20363747 3.483845 0 0.083034985 6.5777917 0.137526 0.20663448 1.9748458 0.16036089 3.2751641 0.73029536 0.14469373 6.5749674 1.1210469 0 5.3144193 0.38646117 0.48064566 1.54217 0 0 0 0.4926204 0.18993978 0.18978772 0.15673937 0.3787162 3.043157 0 0 0 0 0.0988291 0.3127568 0 0.08147152 0.1788095 2.9293118 2.20552 0.2596255 7.2166057 10.072299 0 0.08958117 1.7641203 5.146102 0 1.4222245 6.266789 13.2433605 0 1.8225237 9.898127 0.37655923 1.965428 5.714969 0 0.24004453 7.9142056
"20100900_E1D_13" 0.6420761 1.8975437 0.46788368 0.9495764 0.54265666 14.462893 0.2138063 0.20017792 8.901524 0.056663238 0.30034888 2.9922462 1.1010686 15.661102 0.99283934 0.061540995 9.445176 2.2795358 1.8886524 9.800069 0.21160723 0.073057234 0.16910504 0.8624925 1.156166 0.0686024 0.092489965 1.0768548 4.7867055 0 0 0 0 0 0 0 0.088943236 0 25.796198 0.8315719 0.33428666 4.1032124 4.164736 0 0.15073268 0.08745007 0.21644986 0.07330076 0.71264267 5.4078236 7.0132265 0 2.5858166 14.166104 0.24492666 0.2803126 0.396618 0.19709049 1.9336941 8.65912
"20130700_C1D_16" 0 0 0.69537103 0.106449746 0.060311478 2.5531309 0 0.062393554 1.9299877 0.0601928 0 1.4581894 0.19407493 9.93195 0.059054945 0 3.9245353 0.3405375 0.26672426 1.3631499 0 0 0 0 0.17025235 0 0 0 7.684391 0 0 0 0 0 4.429448 0 0 0 3.4256263 0 0 0.24732453 0.09817454 0 0 0 0 0 0 0.101992026 1.0624305 0 0.07979346 1.1624149 0 0.09064211 0.08989361 0 0.17502914 1.0569432
"3300037224_12" 0 0 0.22236736 0 0 0.34041485 0 0 0.16844803 0 8.847088 0 0 2.3189647 0 0 1.1826867 0 0 0 0 0 0 0 0 0 0 0 0.5206168 0 0 0 0 0 0.37195665 0 0 0 0.2637936 0.07572907 0 0.47814247 0.25287175 0 0 0 0.57538855 0 0 0.25940546 0.60187423 0 0.12360418 0.28076422 0 0 0.08448606 0 0 0.9414227
"3300037105_13" 0 0.5670437 3.6631005 0.12826997 0.2008459 2.880439 0.10020164 1.2219378 2.0251555 2.3271344 0.16077816 0.5073495 0.13100274 9.385697 0.45442793 0 6.6860538 0.4766355 1.4802221 0.63309467 0 0 0 0.6394911 1.6469002 0 0.07674441 0.86005 1.1871542 0 0 0 0 0 0.195314 0.119816884 0 0 1.6018023 4.031345 0.2286867 7.8550344 7.0368247 0 0.38636708 1.0582899 3.373883 0 0.17392412 4.146859 3.2226713 0 7.6751056 6.942763 0.38161913 1.1601281 4.207091 0 0.8947464 3.921407
"3300037109_9" 0.06434055 0 0.1739279 0 0 0.18328981 0 0 0 0 0.4770337 0 0 0 0 0 0 0 0 0.32417008 0 0 0 0 0 0 0 0.10794119 0 0 0 0 0 0 0 0 0 0 0.48061123 0 0.21618973 0 0 0 0 0 0 0 0.073076256 0 0 0 0.14392187 0 0.06622468 0 0 0 0 0
"20130700_C1D_8" 0.23848644 0.35561585 0.09691806 0 0 2.7724857 0.62999004 0.18306214 1.93617 1.4056122 0 0.5725104 0.05659471 3.417787 0.22440967 0 2.0785112 0.2376229 0.46795496 0.7564654 0 0 0 0.39162874 0 0 0 0.19522057 1.1764752 0 0 0 0.9230078 0.16559367 0 0 0.20186909 0 3.2056696 0.50787765 0.8681364 0.8635207 0.3796943 0 0.19011852 0 0.09363594 0 0 0.7757336 1.3347304 0 0.8748722 1.399051 2.6878908 0 0.0639134 0 0 1.7644428
"20150700_E14_4" 0 0 0.21258156 0 0.06574873 0.3666181 0 0 0.17745732 0.072197326 0.49018884 0.08607176 0.08634827 0.3755993 0 0 0.24825318 0.109619364 0.12501758 0.13991097 0 0 0 0 0 0 0 0 0.072630845 0 0 0 0 0 0.20814382 0 0 0 0.2968815 0.119637266 0 0.109933935 0.08605541 0 0 0 0.063098885 0 0.09038041 0.14563882 0.14280182 0 0.08756003 0.13325886 0.087840766 0 0.060884804 0 0 0.22207433
"20160700_S11_6" 0 0.077483945 0 0 0 0.09350385 0 0 0.13013957 0 0 0 0 0.12960932 0 0 0.18344878 0 0 0 0 0 0 0 0 0 0 0 0.10615176 0 0 0 0 0 0 0 0 0 0.09051354 0 0 0.09370166 0 0 0 0 0 0 0 0.08302536 0 0 0.085665345 0.1865685 0 0 0 0 0 0.32798088
"20130700_S2Y_8" 0.11951544 0.27429917 1.3663378 0.46484855 1.0234727 2.0590973 0.27254346 0.337076 1.0341876 0.26151088 3.6447241 0.48342082 0.33284295 1.4863509 0.72562075 0.16141576 1.3408217 0.45122543 0.54472715 0.74763644 1.1686009 1.814173 0.08570715 0.23851264 0.1613576 0.7062739 0.97298986 0.29754052 0.6952427 0.4059826 0.43876973 0.7831503 0.06716764 0.21177138 0.945364 2.2240832 0.08539335 0.34097922 1.37156 0.7712783 0.2754074 1.8033755 1.4913123 0 0.27129313 0.47994423 1.3531688 0.0785722 0.75580233 1.3120601 3.245743 0 0.80750406 2.264221 0.31710678 0.85593784 0.6832976 0.09428713 0.31752855 1.2731965
"3300036929_5" 2.2984595 4.2259855 19.775566 0.395719 1.3446963 25.624847 3.547472 3.7187848 11.311938 2.7433937 12.472789 5.0492554 1.1808307 29.97876 5.4267454 1.4454317 24.56049 5.1686306 6.606959 8.430489 0.7095234 0.43504596 1.4305136 8.2073145 3.5300488 1.6412345 1.4334995 4.7889414 12.400429 0.21821271 0.14328256 0.15621327 0.74819 2.3493576 6.723573 0.96631455 0.68524426 1.4060962 16.95661 15.189254 3.69657 31.662771 24.511742 0 2.943384 15.026417 19.54535 0.31407157 7.823459 16.685017 28.912203 0 22.82293 23.454536 4.9014716 8.43946 13.347521 0.63775885 5.164896 18.580688
"20110600_S1D_11" 0.40445864 0.8973815 4.3910074 0.23121035 0.62966967 3.2367425 0.88263035 0.7658527 4.6626844 0.79907244 11.423197 1.1657208 0.32353193 5.1994934 1.4458308 0.3500864 5.3720765 2.1772144 2.804487 3.4799774 0.6797121 0.49387476 0.24858905 1.0830431 1.0325487 0.60443765 0.6144058 0.9018468 2.9819613 0.18419056 0.20695499 0.19635463 0.39601132 1.0913209 9.384839 1.5685397 0.26375124 0.7276409 11.70248 3.111852 0.74291664 5.367298 4.0237045 0 0.5172786 1.6261398 3.9870493 0.0726559 2.7585895 3.980064 5.2164836 0 4.2243996 5.1827927 0.81410563 1.3430766 2.0851529 0.15114005 1.1793725 4.161505
"20150700_E14_13" 0.219678 0.28159234 0.97727233 0 0.15707977 1.1067083 0.4168579 0.27960038 0.8680071 0.5571494 1.8790382 0.27816027 0.10738554 1.3250344 0.34410983 0.13822721 1.1962839 0.47208503 0.59239703 0.6270022 0.071706794 0 0.113607235 0.42344823 0.22169176 0.13551237 0.08586413 0.2745158 0.57919496 0 0 0 0.33138067 0.80360055 2.23659 0.19084096 0.06521653 0.18468526 1.3350072 0.60970455 0.2695053 0.90810585 0.7578811 0 0.23054579 0.4154315 1.0574638 0 0.5959397 0.8900495 0.99912405 0 1.0556319 1.0060023 0.39712977 0.49176648 0.72215325 0.062090583 0.37485635 0.9632638
"3300037085_4" 2.5873396 4.832757 19.677324 0.33128217 1.0965333 12.663089 3.333072 4.236263 10.879251 2.4036622 5.49615 2.355401 0.70057344 18.204916 3.260556 1.1154343 22.994774 11.629872 8.759723 9.220501 0.42735568 0.24806193 1.2315553 6.4843616 5.6312227 0.7852639 0.84028035 2.9918902 6.294628 0.12950574 0.07125582 0 0.6830509 2.2515779 4.495634 0.5134738 0.46025312 0.94720656 19.443808 16.115726 2.9092414 23.945696 16.035551 0 1.0082394 1.8713313 4.433573 0.181604 8.558457 12.22371 9.356534 0 13.87343 12.605098 2.594065 2.6289432 4.8665557 0.6646081 5.53651 13.97516
"20150700_S15_1" 0 0.077176735 1.3902485 0 0.09459316 0.9995494 0.11532588 0.07856604 0.4511202 0.18026824 5.840647 0.1481502 0 1.1610676 0.3096421 0 0.90938133 0.15977602 0.19399318 0.35081542 0.24013539 0.07606236 0 0.08106871 0 0.15703589 0.314494 0.0685027 0.3207297 0.22494772 0.27317083 0.07141649 0 0.23929796 0.9176853 0.56035876 0 0 6.2877693 0.28699756 0 0.85871583 1.3276721 0 0.08464272 0.29521033 1.0881499 0 0.2524604 0.59194314 1.4255624 0 0.30449092 0.66218907 0.07590034 0.16962416 0.348133 0 0.11019245 0.6846387
"20150700_E35_2" 0.48631978 1.6389545 9.69418 0.15584682 0.22624594 13.325035 0.42544433 0.16470265 7.5186005 0.11872842 21.510347 1.3804929 0.12830903 14.042173 1.2367042 0 14.367844 0.44833782 0.29856205 0.931184 3.7332528 2.7977138 0 1.8354356 0.6343068 0.35720357 0.38332146 1.6010638 5.2744527 0 0 0 0.1406411 0.30319354 0.10956332 0 0.22457628 0 10.401196 2.8186476 0.47641754 6.3306756 6.3094435 0 0 1.0413053 10.333305 0 2.2945879 4.9259343 8.931193 0 5.5803123 6.994046 0.423595 0.32378963 1.4273566 0 0.1244493 8.876473
"20100900_E1D_8" 0.12062638 0.5861732 9.573195 0.0867508 0.84213966 9.655738 1.5571886 1.725894 12.101959 10.112006 4.530873 1.8450887 0.1517044 15.986192 2.1777318 0.10170078 13.097178 3.3681953 7.355169 4.567007 0.30172285 0 0.12618795 1.0976788 1.6178331 0.5964511 0.31757134 0.46209258 3.9828465 0.07068574 0 0 0.685722 2.0522168 33.574966 0.34060332 0.1658839 0.22909273 20.387466 2.5696573 0.4411413 3.2295845 8.698686 0 1.2790984 3.6301522 7.7176776 0 1.1938152 6.898577 8.204958 0 5.4361715 14.201086 0.53300875 1.8790771 6.035867 0 1.0707985 8.4486885
"20130700_C2X_11" 0.7510248 1.0096189 7.6270013 0.13777405 0.35278037 2.3854382 0.7443074 0.643424 2.4506896 2.1414504 0.8498005 1.1518292 0.2206674 9.375009 0.996173 0.123518 6.4094114 0.6835294 0.9867964 1.3184885 0.095538035 0 0.11974708 1.8477095 1.2002752 0.123375654 0.22779718 1.1153932 3.321996 0 0 0 0.79085135 0.91580987 1.0954396 0 0.20482713 0.22751667 3.65819 2.6334574 1.9488155 3.7895393 4.4292736 0.06226312 0.27352116 0.63124114 3.5681577 0.0887375 1.8643876 2.053822 8.4021225 0 3.8614008 5.1745315 1.8794003 1.2507429 5.203691 0.17964116 1.761914 6.0368733
"20110700_E1D_5" 0.42885894 1.6548027 17.895725 2.1864798 2.7940054 14.411335 5.154125 6.2401896 12.129812 5.4384813 7.5620008 2.0320027 1.6915318 14.582683 1.195746 0.15846933 14.705691 5.80562 8.717002 6.601648 1.5970641 0.14187701 0.29517275 0.721754 3.0789483 0.84256744 0.960565 2.0241797 3.5119147 0.9378095 0.7161519 0 1.822008 4.1554136 4.4800363 2.6529791 1.8844626 3.3137329 15.489385 5.868925 0.9911927 5.9984107 11.746481 0 3.792023 5.9561667 3.5989356 0.13533702 4.829724 8.936716 7.6049657 0 7.1314335 12.580999 0.51360285 4.1423197 7.4889326 0.09282578 2.444472 10.878065
"20120600_E1D_53" 8.149274 12.78872 40.43539 1.1211976 5.172383 23.063774 7.9457 9.141444 18.388033 10.864929 7.3696365 3.3489106 1.2129115 19.733576 2.6944487 0.8970116 18.05459 17.006622 17.820347 12.984341 0.2506622 0 1.3038317 4.383548 2.7259212 1.6358727 1.2807537 15.080935 10.917078 0.10427698 0 0 1.1832477 6.3198953 6.0049357 0.3373075 0.7096846 0.79059565 20.197132 20.644165 8.653836 22.2624 22.550432 0 2.5271983 7.0754175 12.34542 0.47085634 20.372707 25.86573 22.91068 0 14.202006 22.607067 6.007234 6.523903 12.219166 0.33216754 3.5398467 30.565062
"PMJR01" 3.5539765 7.7861357 8.729851 0.8825332 1.7198013 4.8680935 0.9225092 0.781573 8.19967 0.39864933 1.1219126 1.408854 1.1758038 4.9988394 0.7054506 0.69077003 3.9885776 8.334901 9.881758 7.1081653 0.4522534 0 1.3442957 1.7765394 1.5657526 0.9334984 0.31287453 8.002962 4.96268 0 0 0 0 0 0.06384574 0 0.19910064 0.079530224 10.911661 11.022894 2.2027555 15.302901 13.080052 0 1.4568084 1.833888 1.2338921 0.25973317 9.104986 15.558226 8.221063 0 5.3426943 3.9191349 1.0899572 0.531054 1.0734439 0.42774752 1.5062133 7.773289
"3300023254_4" 0 0.15354136 0.24465367 0.5056088 0.13752867 1.4280102 0.09785238 0.38187218 1.028391 0 0.11415645 0.14375366 0.21645445 1.9907178 0.19268161 0.06687421 1.7648505 0.16048674 0.21244876 0.6950261 0.37444797 0 0 0.120347366 0.7194962 0.116823114 0.23720936 0.27074063 0.27747545 0.39133787 0 0 0 0 0 0 0 0 0.4302584 1.0260279 0.21461433 1.8404245 1.5734476 0 0.13577856 0 0 0 1.0322211 1.2104781 0.5472641 0 1.2291234 1.4508979 0 0.08370515 0.069484524 0 0.39450607 0.977024
"20130700_C2D_3" 0.992851 1.1507121 3.3900547 0.13212049 0.32319617 6.6870403 5.7918344 1.6492934 5.619633 7.883453 6.87868 0.58173305 0.13558012 7.0606294 0.5681973 0 10.164024 1.1287287 1.4490857 1.40081 0 0 0.19909655 2.5025709 0.631725 0.11849208 0.17352866 1.3671482 1.32975 0 0 0 1.0382626 1.467706 0.548736 0.111883014 0.38879916 0.19034086 2.8651733 0.90381545 1.4559605 1.5923551 3.1836088 0 0.60598266 0.8131427 1.2692355 0 2.4932165 3.8207107 3.8018074 0 5.0346537 8.218068 1.9690734 2.252169 6.2038255 0 1.67303 14.436127
"PLPO01" 0 0.34896994 12.030259 0 0.101101905 9.170167 0 0 7.1444573 1.7551603 29.062366 1.114683 0.093404405 9.894686 1.0959285 0 11.251446 2.4130313 3.2570622 4.3766837 0.6124217 1.4434303 0 0.087311156 0.43371734 0.15759796 0.14242548 0.47840837 0.85608643 0.10718808 0 0 0 0.49152687 5.6033244 0.33842066 0.13777205 0.5898865 16.624735 1.4609947 0 2.7033613 6.7825947 0 0.07415968 3.0525463 3.805496 0 1.022248 4.4343896 5.8627234 0 2.0610428 10.108541 0 0.23029819 1.8104881 0 0.15389735 6.512922
"20150700_E25_9" 1.263916 2.6150475 8.439265 4.8205023 3.444044 9.749837 2.1839828 3.6624768 11.325272 2.0941603 3.7162979 1.158095 1.8304005 9.97125 2.3590217 0.8174912 11.565167 3.4036171 4.404223 2.8582227 2.4688916 1.473725 0.5215814 1.1475891 2.867343 1.6440264 2.1787329 2.14801 3.0483398 2.5397959 1.0910356 1.6466584 0.107964 0.23339222 1.2308815 3.1268022 0.47086844 1.1691068 7.5446815 6.7105947 2.9189193 9.054474 15.491375 0.14584215 2.3521864 2.6400356 3.1160114 1.0235236 4.0610633 8.649586 10.186506 0.17515261 6.207161 17.077236 2.3388953 3.7011335 5.8520074 0.8116539 1.6708556 13.325785
"20110800_E1D_3" 0.08827435 0 11.91485 0.081648014 0.72358227 3.35268 0.4316585 0.9883177 0.2697831 4.155019 6.3162193 0.31355178 0.0723503 0.6787475 0.113998555 0 0.49859625 0.5944144 0.47460467 1.2422329 0 0 0 0.075056806 0 0.065563805 0 0 0.18851341 0 0 0 0.061212033 0.69516724 1.5875378 0 0 0.076885104 0.79936844 3.1915143 0.24964502 4.178889 2.7290938 0 1.0574178 7.3569875 8.622942 0 2.9812331 3.0253923 1.7192799 0 0.24480307 0.399837 0.30935854 1.7429479 1.9263432 0 0 0.23576465
"20130700_E1M_4" 4.6907053 7.379065 24.979458 1.394913 3.1509311 29.441025 7.364049 9.094147 16.207453 7.377273 15.110321 7.6158934 2.787442 24.936377 2.7476287 0.7251895 19.577724 18.033762 25.792854 27.164623 0.3681373 0.09342766 1.8700439 4.5567985 4.3451753 0.4947906 0.29510868 7.762559 7.206487 0 0 0 2.3180315 14.204523 14.103267 0 2.5288095 7.4357796 43.862587 8.979352 2.5620358 13.665575 11.514806 0.0929817 10.166224 16.870775 20.364725 0.81076956 13.249528 16.493439 22.041279 0.06587642 11.336086 19.942638 2.3570879 5.4209833 5.482914 0.156549 3.644009 8.054928
"20130700_C1D_5" 0 0 0 0.2998842 0 2.1223974 0.11718262 0 1.6952918 0 3.9637969 0.9600855 1.2198557 0.91495866 0 0.05973599 0.6893962 1.1327097 1.5633345 1.8857234 0 0.31147754 0 0 0 0 0 0 0.66755813 0 0 0 0.11721831 0.06543075 0.62899464 0 2.9311693 0.5428454 13.6685505 0 0.10281338 0 0 0 0 0 0 0.19258608 0.20541005 0.43549952 0.72620326 0 0 0.3145572 0.08685623 0 0 0 0 0.64902276
"20120600_E2D_41" 0.5019832 0.6700148 4.5463653 0.4511821 1.2155831 10.587596 1.0559789 1.5927137 3.595956 8.432701 1.1108888 3.024789 0.49629292 25.367266 0.5460346 0 11.348298 3.0441084 3.4630232 4.407091 0.06815239 0.05918385 0.103295 0.3976746 0.87122643 0 0.058108836 0.73196065 1.8772622 0 0 0 0.26820102 0.73737013 12.394608 0.063716836 0.25544128 0.19483446 16.6391 5.046253 0.7599331 7.111425 3.0897918 0 0.47717318 1.0794785 1.0427372 0 1.2426914 2.993512 2.2247891 0 3.119674 1.775748 1.3124231 0.8670754 1.3529445 0.06808689 1.0859785 2.0505695
"20130700_C1D_19" 0.651436 1.6486082 10.833966 0.2850925 0.766397 39.39506 1.3448409 1.327943 13.304865 3.8366625 7.066732 3.8134854 0.48605758 22.775469 1.8434669 0.087702274 16.782907 4.2308073 5.1123185 12.687743 0.32580662 0.4798285 0.101962015 1.1696371 0.8461029 0.20800282 0.17183399 2.2787964 6.3591304 0 0 0 1.0212188 4.245097 10.951129 0.13614501 0.34509256 0.5825221 35.87992 3.4181645 0.6956403 9.261217 7.214755 0 1.1528008 1.0892404 1.8260516 0 1.5908538 6.277028 9.646993 0 3.5764065 11.995752 0.46897545 1.7227904 3.7357798 0 0.63881826 10.261355
"20120600_E1D_52" 0.9914971 1.2586269 8.85242 0.23304756 0.713335 2.546661 0.5746371 1.6619234 1.2601187 3.1302733 0.6903515 0.40717465 0.116259344 6.163661 0.9767539 0 5.4013124 0.87910354 0.97251964 1.4474404 0 0 0.22999847 1.2648677 1.6681999 0.12860651 0.083054304 1.1108972 0.268029 0 0 0 0 0.16043343 1.1496243 0.12596118 0 0.06306537 2.9928734 4.8816857 0.34015 7.339859 3.4847746 0 0.40744963 3.182412 6.7897444 0 2.417546 4.723382 5.0283613 0 2.7410302 3.4054134 0.89916533 2.0491564 2.8422353 0.17692733 1.5534148 2.4707859
"20110800_E1D_6" 2.4831388 12.466937 45.827618 6.0750027 9.685609 28.135004 6.1522036 16.052095 15.572561 12.664397 27.49036 4.3454056 4.605939 37.268204 4.8693194 0.5719512 49.794052 7.3998847 8.044065 6.531256 0.51513755 0 0.7227758 4.47199 8.662157 0.56731516 1.7057703 12.138137 8.440905 0.15503015 0 0 5.0069594 30.840624 23.751823 3.0007265 2.852311 8.399322 23.461914 14.380779 4.5135617 24.148514 17.282871 0.06151804 5.365013 11.400008 26.503763 1.1014444 22.774275 31.186628 30.697819 0.059622828 23.979939 30.973274 10.714083 22.96924 28.215166 0.29563636 10.452271 37.750275
"PLLE01" 1.463663 1.0235529 2.0937648 0.082950294 0.19627473 9.169805 3.7881112 1.5497674 5.3675833 1.0029769 2.5026743 1.2049557 0.34467447 10.184012 1.7664155 0.2974578 9.324969 0.7097794 0.6172921 2.3881543 0.9023632 0.33945563 0.41171187 1.7204015 1.301634 0.6747948 0.8381155 1.5845954 4.257416 0.5881829 0.7140532 0.63008344 0.080785535 1.647039 0.28457445 0.53851354 0.09172899 0.0800058 5.1536007 2.0766652 1.946659 5.5765357 3.914778 0 0.33781245 0.28264287 0.7419339 0 1.770028 3.2752268 4.316973 0 6.359792 9.422067 1.0722225 1.1764649 1.9122907 0.25163892 2.706455 6.8117294
"20110800_E1D_1" 0.78652734 2.666958 21.230433 0.9755634 4.0117593 11.283582 1.2833052 4.59211 6.4771733 5.1891837 27.210093 3.0740795 0.774365 16.21894 2.2435958 0.13895635 18.907457 14.263841 11.118574 12.459602 5.8507104 7.5379205 0.40496084 0.3988794 4.4020867 0.61167747 1.9627167 4.7647753 3.0102801 1.7730173 0.41466904 0.07692118 0.28272495 2.707823 12.182098 1.90263 0.57037616 3.1972528 27.401463 11.582956 0.7885512 17.85138 12.652923 0 1.1404761 9.113746 7.41112 0.23227762 9.812615 9.570388 13.564598 0 7.8939962 10.354674 1.1562282 4.755891 8.164506 0.15453702 2.7012467 8.794161
"20160700_E33_2" 3.2099824 5.6591463 21.522745 3.2031221 3.4941375 13.279653 11.758482 12.711752 15.136185 9.623107 4.5143523 2.7985308 2.3989098 21.145893 3.1983495 1.9177932 22.066006 5.6188755 7.3194046 5.712463 0.29594517 0 2.2612336 6.3930902 7.3822265 0.87449175 0.75970954 8.8301 7.38552 0.095620155 0 0 2.2232482 5.472875 15.04477 0.4304408 1.3381171 1.3658819 10.277216 16.625374 11.095811 19.64756 17.821966 0.11039395 5.4508257 11.681774 11.480481 1.2943703 12.867326 17.786663 15.698527 0.13024916 17.566595 16.217108 11.854209 8.647543 16.691877 1.2742057 6.4090276 17.168854
"20111000_E3D_3" 5.305476 7.7543945 25.104992 1.181749 2.4202602 42.28955 1.8262589 2.4201126 32.30862 6.944336 22.494747 5.428057 1.7552543 51.33404 5.8234577 0.5823428 38.334133 10.724417 15.09433 16.118998 9.8058 5.3358397 1.4595444 7.5680947 7.418503 2.4708426 1.5772859 9.450226 14.240635 0.8342407 0.2673496 0.117523536 0.9256708 2.3737433 8.665361 0.6171134 0.86462706 1.8903489 32.43024 8.531816 1.0037081 14.885313 23.684631 0 2.183971 6.4557314 10.786182 0.25930145 9.915355 18.952501 27.473783 0 13.859564 33.24397 1.5585318 3.8246546 8.175607 1.2183814 6.5393853 32.34054
