"genome" "711_E-1-S" "711_E-1-M" "711_E-1-D" "711_E-2-S" "711_E-2-M" "711_E-2-D" "711_E-3-S" "711_E-3-M" "711_E-3-D" "712_E-1-M" "712_E-1-D" "712_E-2-S" "712_E-2-M" "712_E-2-D" "712_E-3-S" "712_E-3-M" "712_E-3-D" "713_E-1-S" "713_E-1-M" "713_E-1-D" "713_E-1-X0" "713_E-1-X1" "713_E-2-S" "713_E-2-M" "713_E-2-D" "713_E-2-X0" "713_E-2-X1" "713_E-3-S" "713_E-3-M" "713_E-3-D" "713_E-3-X0" "713_E-3-X1" "714_E1_1-5" "714_E1_5-9" "714_E1_20-24" "714_E1_30-34" "714_E2_1-5" "714_E2_5-9" "714_E2_20-24" "715_E1_1-5" "715_E2_1-5" "715_E2_20-24" "715_E2_30-34" "715_E3_1-5" "715_E3_10-14" "715_E3_20-24" "715_E3_30-34" "716_E1_1-5" "716_E1_10-14" "716_E1_20-24" "716_E1_30-34" "716_E3_1-5" "716_E3_10-14" "716_E3_30-34" "717_E2_1-5" "717_E2_10-14" "717_E2_20-24" "717_E3_1-5" "717_E3_10-14" "717_E3_30-34"
"PMEE01" 4.11241 16.941383 42.799927 6.933716 44.24431 23.577297 8.637195 13.653297 14.917534 26.519356 16.57203 5.66198 3.2184749 27.440407 2.261862 1.0574328 15.000311 26.19443 23.229765 11.842339 4.042625 0.62396187 1.306269 2.1614325 5.370403 2.197442 5.3987756 11.896627 3.188623 8.138057 8.833525 1.067156 0.5353937 6.1754518 43.75633 14.491461 1.5665694 12.412464 25.127602 17.950602 1.8713129 53.5416 12.77625 0.67241776 10.557987 10.2141075 12.898164 1.317452 18.150023 28.025433 25.569117 0.7141804 17.783772 7.942848 5.778528 18.225676 17.510687 1.2265892 6.5934997 10.431831
"PMNG01" 1.5004817 4.0416565 2.932596 3.3901756 3.9355254 1.0414423 2.8272848 4.170179 3.3716018 2.0366583 0.5820214 0.8379837 0.68503016 4.0369105 0.75364155 1.2064472 4.6258817 1.041722 1.6002338 0.26938912 0.18258357 0 1.1041766 2.215466 3.0761704 0.55261457 0.123836055 2.1480086 1.2060841 0.13511416 0.079746224 0 0 0.32475913 4.3588886 1.8003923 0 0.063693725 0.21161784 6.299407 1.7509824 5.2985077 4.441882 0.13064118 2.9083009 4.425372 3.7634404 0.79053336 3.3528297 3.9698863 3.1961238 0.35106796 5.14631 4.282833 2.8159683 7.206364 5.3855186 0.980055 3.3832517 1.8536901
"PMLO01" 0.6242942 0.75190884 0 0 2.6470292 0 0.119187556 1.1801028 0 4.4738827 0 0.15802738 0 0 0 0 0 0.38801563 0.7827857 0 0 0 0.058205478 0.06973425 0.20553753 0 0 0.918695 0 0 0 0 0.176188 1.1644896 2.4257185 0 0 0.23335716 0 1.4122503 0.09369895 0.14799774 0 0 0.61847484 0.07326748 0 0 0.14651991 0 0 0.080904 0.52923065 0 0.5091504 4.234567 0.47750467 0.1202057 0.59753823 0
"20120600_E1D_25" 0 0 0 0 0 0 0.15250503 0 0.058819775 1.3955525 0 0 0 0 0 0 0 0 0 0 0 0 0 0 0 0 0 0 0 0 0 0 0 0.16767585 0 0 0 0 0 0.43100545 0 0.32548302 0 0 0 0 0 0 0.16423883 0.078928374 0 0 0.1804975 0 0.9212098 0.17924355 0 0 0.07528621 0
"20120600_E2D_33" 0.91672605 4.3678527 3.5821767 0.96389556 16.950617 2.433945 0.53011763 4.420345 1.3738395 13.577609 0.58722776 1.1147435 0.4775678 3.1514747 0.08816528 0.06484786 1.3214918 2.4410305 4.3420453 2.04995 0 0 0.28802353 1.4091125 1.1318672 0 0 2.505562 0.079152256 0 0 0 0.07284057 1.4964582 14.450134 0.9963492 0.13906217 1.3501624 2.5938187 8.578073 0.32391107 3.165206 0.9299535 0 5.2069044 2.34874 0.4909513 0 1.8221468 0.6688416 0 0 3.64788 0.09005656 0.6425032 3.3304222 1.9155545 0.13364998 2.960364 0
"20120600_E2D_24" 0.8999652 1.9761401 2.382477 2.0932624 6.694979 1.4526033 1.4962952 2.6012223 1.9589379 2.1603525 0.29789382 0.8482742 0.80232525 1.7152163 0.120062135 0.12765263 1.229003 1.9950761 2.8463154 0.8865412 0.14620143 0.14985341 0.2993197 0.34113103 1.266334 0.060717523 0.1233331 2.872107 0.6457251 0.24094741 0.29393473 0.0786855 0.53940856 1.3795874 8.019668 1.8060873 0.3712679 1.2066655 1.6619047 4.1592402 0.76638895 3.6767566 1.2262331 0 2.1204586 3.8477674 1.5448786 0.24560545 2.4795187 3.1678731 1.384015 0 2.5170093 1.5998689 1.5260575 4.6832476 3.51604 0.17960182 2.0704978 0.65413904
"20120600_E3D_49" 0.5774094 2.0120146 2.2302046 0.71926445 2.14753 1.4098393 1.2366136 1.5716114 2.03373 1.5899562 0.83405805 0.4948133 0.47539 1.5953834 0.179791 0.11185784 1.6499146 1.0127726 1.2957448 0.644525 0 0 0.13613625 0.5364813 0.9749653 0 0 1.404693 0.63437086 0 0 0 0.1882802 1.2734895 3.2784119 1.2698725 0.084192 0.2737651 0.516764 2.04842 0.5432096 3.059056 1.7524225 0.06296207 1.0027438 1.3168052 1.3183677 0.19901869 1.3567805 1.6345583 1.171381 0 2.4500585 1.803695 1.2273273 1.8860607 1.7900362 0.18492952 1.3107605 1.0028558
"20120600_E3D_20" 1.2568333 2.6647663 4.6078806 0.83587784 1.5473601 2.7860851 4.0684705 2.8455567 3.5680869 2.6784234 1.4693915 1.1670859 0.72524124 3.8266368 0.58707446 0.840562 3.3537767 2.16821 2.7418847 2.0184987 0.16037717 0 0.48395896 1.0029271 1.4216288 0.22456403 0.061377686 1.3200444 1.0597535 0 0 0 0.3725361 3.299774 6.5678415 0.64173126 0.48508695 0.2595965 4.112935 3.2468812 4.268172 4.2642508 2.8170216 0.11797651 2.3791628 2.0591283 3.0367224 0.380164 2.3646035 4.7964187 2.5339355 0.060887616 3.203702 3.1830986 3.6265547 2.5987856 3.048184 0.6404128 1.6948304 1.3357339
"20100900_E3D_12" 2.0270252 6.603494 6.4630704 2.7378166 4.737715 4.913419 1.1767399 4.413826 6.9126987 7.875698 2.1147556 2.461816 0.65623236 11.325225 1.3413174 0.33892044 9.634027 2.2959433 3.389628 2.464578 1.5259163 1.4275165 0.65184504 1.7561 4.1311793 0.20846884 0.5125803 4.04433 3.0852838 0.51566035 0.64911485 0 0.63326186 2.531262 33.44156 1.467705 0.3455697 8.221276 13.923837 4.922106 0.7413379 6.435206 3.6873188 0.07383902 3.2407572 5.7842884 8.867791 0.50340414 5.5893636 5.9577913 8.434196 0.14412242 5.5462966 9.761505 0.46424222 12.049901 6.01746 0.57791376 5.58537 9.170043
"20120600_E2D_16" 0.062149942 1.4886237 5.1534615 3.1548223 5.902113 4.28038 0.4867463 0.8601857 2.3384783 0.72969747 1.0813727 0.9346173 1.4613419 3.8558135 0.13107564 0 1.9328016 2.098224 1.9905937 1.692941 0 0.27451107 0 0.057850517 0.8553992 0 0.2569156 1.8568681 0.40155876 0.33378816 0.22658394 0.058733687 0 0 1.0049342 2.6829545 0 0 3.5481122 4.475014 1.1669034 4.5674763 3.056442 0 3.1463795 3.3964708 1.6980071 0.24669152 2.9169078 3.6909919 2.3328416 0 1.9802647 0.85691255 2.3530643 1.7892147 1.3277973 0 0.60147905 0.22022367
"20120600_E3D_14" 0 0.11363398 0 0 0 0 0 0.09073525 0 0.59027123 0 0 0.18589675 0 0 0 0 0 0.22705594 0.36649597 0 0 0 0 0 0 0 0.17361145 0 0 0 0 0 0.24780005 0.2893198 0 0 0.1382605 0 1.629497 0 0 0 0 0 0 0 0 0 0 0 0 1.5657398 0 2.8190944 0.30388314 0 0 0.40469235 0
"20120600_E1D_17" 0 0.13564186 0.3333079 0 0.11017341 1.1370049 0 0.117293276 0.5531511 3.6025977 0.20855756 0.61773825 0.07804992 2.0132432 0.0561289 0 1.2440352 0.32124266 0.8380721 0.66639674 0 0 0 0 0 0 0 0.46698567 0.20182447 0 0 0 0.1656568 1.8780606 1.350359 0 0.17691311 0 0 0.8611354 0.09438698 0.8873925 0.35666782 0 1.0099455 1.1575254 0.3834031 0 0 0.25231075 0.3093762 0 0.42458898 0.37940335 0.37529063 0.12833098 0.1500157 0 0 0.082653776
"PMBT01" 3.6666481 3.8216932 5.1224346 4.952345 6.911879 10.110598 6.8998365 3.920343 7.095193 1.7626014 2.412207 3.0694802 4.1925473 8.740621 1.5982375 1.5881518 6.743835 6.525488 7.674159 6.9252124 2.4148686 0 1.5288736 1.6296594 1.8531122 1.8378863 0.46863914 3.7769058 3.3192844 0.15284975 0.07956011 0 0.23150839 0.23902027 1.6010501 1.3426567 0.8989051 0.2102757 4.5242214 5.3349667 4.3577523 8.242173 5.7649374 0.27078274 9.903062 7.128012 8.218794 1.1076396 4.086825 4.955769 6.438508 0.1153494 4.9825974 9.276041 5.6835747 3.999082 8.327815 0.9426723 3.6214724 9.006231
"20130700_C1D_9" 0.2128907 0.15432999 0.24281356 0 0.084811546 0.2030439 0.88529545 0.42888474 0.9072462 3.4164622 0.2662682 0.21298513 0.06508652 0.40116373 0.15203685 0.20416723 0.5840802 0.1619441 0.3074868 0.25007305 0 0 0.119767934 0.33904824 0.10470416 0 0 0.13433126 0.18032733 0 0 0 0.8491397 1.2598114 0.38826907 0 0.059527375 0 0.63582796 0.1998718 0.4647642 0.19069405 0.30984297 0 0.091791615 0.1754933 0.3150462 0 0.14904869 0.22047032 0.21787028 0 0.4406633 0.48850396 0.6523712 0.4143422 0.69627994 0 0.22674006 0.5308568
"20120600_E1D_13" 4.4243736 1.7966127 4.0376463 0.25102162 0.9694054 3.3851 6.4611816 1.7512913 1.6408848 1.706627 2.34877 0.7057283 0.4600014 1.7402793 0.44680443 0.65960157 1.9852285 1.7465852 2.0072489 1.6517348 0 0 2.0923915 1.952801 0.52959234 0.055571128 0.059831742 1.7323271 1.0452031 0 0 0 1.3840525 2.4990175 0.7723964 0 0.21351591 0.18778075 1.1694223 1.1282293 1.8511529 2.5146456 2.8802855 0 2.7933884 5.8409977 1.1056442 0.09036632 2.1063588 1.8923556 2.1566172 0 2.5327296 1.6530163 2.4871566 2.5129373 2.1831253 0.2523599 0.69324744 1.1554222
"3300038475_6" 1.4851276 2.0043242 5.8621073 0.5156177 1.6329014 6.9238486 1.9004381 0.9372249 1.7394499 2.6538334 9.046924 1.1707256 0.23254344 2.6002848 0.13837859 0 1.7739198 2.9414876 3.0013278 4.4285326 0.48183382 0.15885453 0.1382574 0.8492217 0.14384958 0 0 4.994291 0.68624717 0 0 0 1.4569607 6.6380353 2.25921 0 0.670024 0.49213162 7.0933146 1.2395008 0.6340424 0.6848426 0.5776586 0 0.22325996 1.4232047 2.197371 0.06523393 3.4654 1.4093639 1.4825957 0 4.2774553 1.1121538 0.44849813 0.45520332 1.570385 0 0.53103036 1.5707598
"20120600_E2D_2" 1.1532362 2.2413325 3.2469676 5.0449533 19.770163 4.966146 0.5401884 5.583417 1.0569235 3.5512922 0.6230529 1.6192364 2.221862 1.7226014 0.123899125 0.08851675 1.1159499 2.665688 4.3027215 1.385925 0 0 0.32495075 0.90007585 0.4124721 0 0 1.8703148 0.3012301 0 0 0 0.17958866 0.9394025 2.811705 1.9214132 0.2810571 0.37512574 1.286868 3.588167 1.0505685 3.465648 1.181527 0.1757021 3.3525832 7.274903 3.1802177 0.3951048 1.5175515 1.6698173 0.41693205 0.09183079 1.5803506 0.37942147 1.5732757 1.5673368 0.63925505 0.13171802 1.2728372 0.27091956
"20150700_E34_4" 2.2580795 4.6434355 9.038416 7.8712506 21.402962 17.345074 4.4920726 10.137462 5.004139 11.889359 10.3536825 6.0787582 8.728462 12.144801 0.743237 1.4411658 7.9096336 13.857598 16.229628 6.7664504 2.0554929 0.06937544 1.4038928 2.2005165 1.9207054 0.36778703 0.21422446 6.159405 2.3482416 0.21394812 0 0 3.2209544 9.061367 11.075244 7.6272855 2.1481605 2.9276738 13.0086775 8.814504 2.0308735 11.125358 4.6352835 0.5864224 15.485009 20.8967 11.118825 0.5257848 4.274119 5.6696773 3.870918 0.42216384 3.552163 4.969777 4.3553615 4.408974 3.5060303 1.949771 3.7923539 5.5305433
"20100900_E2D_7" 0.3356595 1.5168823 6.178476 1.5804088 2.0401332 6.143762 2.402482 2.5811892 2.367935 0.69150126 1.5380969 0.9126206 0.5512638 3.2029517 0.23271725 0 1.3889185 1.6261784 2.0143704 3.6589189 1.0078108 0.22589192 0.14123861 0.9832955 0.76259255 0.08710377 0.6551557 2.285048 0.6700369 0.82738197 0.10234685 0.13547257 0.0989456 0.23526137 1.4495453 0.32896134 0.14572787 0.8054401 3.6968625 2.0644615 0.48694065 2.1515357 1.4110128 0 1.1342052 1.7862389 2.248609 0.11662581 2.7651963 3.3808029 3.3731916 0 1.5180738 1.0266483 0.4275018 2.054442 2.9099524 0 0.4506499 0.11277554
"20120600_E3D_50" 0.18250225 2.2791553 2.0785818 1.1554154 2.6277375 1.9933486 1.7736882 2.4198594 2.2686615 1.2740211 0.8182118 0.47397164 0.6245166 2.2481072 0.18298621 0.1370934 2.1167312 0.9602441 1.562181 1.351538 0 0 0.1396854 0.454373 0.9666283 0 0 2.573369 0.5855065 0 0 0 0.11578852 0.9014623 1.4403236 0.3476 0.32261598 0.788238 1.4688658 2.0646405 0.9857779 1.5981615 1.0372955 0 1.7071582 1.5562631 1.0357597 0.23567833 2.3960018 2.1328847 1.5671479 0 2.0117679 1.6286638 0.49711698 1.6875418 2.0453916 0 0.74169827 0.5834258
"20120600_E3D_27" 0.106410936 0.9364601 2.6580935 2.4401524 2.7701254 2.71178 1.7698725 2.4817295 3.8206851 1.3411553 0.8611236 0.71368885 1.1559927 2.7594414 0.25885072 0.17465596 2.4424443 2.0444636 3.9620252 2.081779 0.5749771 1.142807 0.2323044 0.8667385 1.3529241 0.19048144 0.67554706 2.2819219 0.9851563 0.2607137 0.07073192 0 0 0.18081087 0.3885584 0.26993027 0.16525015 0.6671498 2.4943814 2.662555 0.665397 2.046706 3.0206382 0 2.5142174 1.0773672 1.0722305 0.14434679 2.4221206 3.2682881 2.8664412 0 2.8942673 3.0614474 0.9983763 1.3155227 1.5437617 0.15208104 1.6377486 2.208612
"20130700_C1D_3" 0.66743755 3.2927494 0.33208203 2.4959307 3.427801 5.4507184 4.2829256 5.5866766 3.7885792 4.4427724 1.5537182 2.9762733 3.05657 8.073002 0.10748544 0.251071 3.6348658 1.7006315 3.7624052 2.6110194 0.08201443 0 0.37216303 1.3964782 2.155721 0 0.113153405 3.750271 3.1208577 0 0 0 1.6670048 2.9719176 1.6838653 0.16500969 0.4769888 0.11502374 0.9836141 0.9137554 1.0895635 1.333861 0.4337639 0.2579614 5.458917 0.61541045 1.3478987 0.068884656 0.21894899 0.21876658 0.9571963 0 1.0434846 1.21389 1.8977709 2.3322573 1.2732468 0.28170457 2.3090916 1.7025695
"20130700_C2X_5" 0.840521 1.6806965 0.18385239 2.634596 3.3513098 7.2191916 1.0847404 0.7851049 3.4725447 1.0785847 0.3034371 1.5399734 1.9706953 3.9981556 0.23092555 0 3.1079173 1.8109937 3.4489474 3.2621145 0.13230747 0.17442967 0.26529494 1.3901834 1.4705147 0 0.21438035 0.9776556 2.7245955 0 0.07730373 0 0.5657356 1.9394975 2.2421715 1.0219446 0.46319482 0.27342665 1.830054 0.45462716 0.33954546 0.77387214 0.39099625 0 0.8276588 1.2948778 0.4726304 0.5311316 0.83762443 0.6989312 2.0721037 0 0.43415436 3.7499487 0.22464372 0.6541715 0.87709254 0 0.3304161 2.7619932
"20120600_E1D_20" 0.8585414 1.5479536 0.118391864 0.49706224 0.7944679 1.964748 1.7355353 2.6054897 1.0927995 4.1193185 0.6559481 0.36936858 0.07204347 1.4740576 0 0 0.75454843 0.2276979 0.27455646 1.2005179 0 0 0 0.24297327 0 0 0 1.0186757 0.29949862 0 0 0 1.3293031 3.1678216 1.0256618 0 0.19732012 0.109362654 0.55172324 0.29352558 0.15654941 0.0717539 0 0 0.18633825 0.66999155 0.17487167 0 0.061825313 0 0.07644508 0 0.36869392 0 0.21216717 2.0767653 1.0594718 0 0.25667357 0.46650815
"20130700_C2M_9" 0.24173966 0.4001138 0.8384897 0.2389195 0.4340111 1.0867226 0.31687197 0.25512815 0.57120943 0.34755808 1.343829 0.19696908 0.24339847 0.903192 0.101542816 0.110386595 0.8147949 0.43610963 0.40424845 0.51946414 0.1662232 0.17650826 0.11707276 0.32368958 0.2700836 0 0.2954879 0.42573783 0.28046384 0.1407056 0.15773393 0 0.1944242 0.46488312 1.5821174 2.7255716 0.12597895 0.4256575 0.94453585 0.61013323 0.1907671 0.9234229 0.5796239 0 0.38912922 0.43146932 0.38367167 0 0.65346205 0.7986382 0.5230572 0 0.68182486 0.8030871 0.48717713 0.44148907 0.4341169 0.105446875 0.51469123 0.72742397
"20120600_E1D_55" 1.3242823 2.3217442 4.283002 0.6271083 0.89815193 12.298522 2.587257 3.2306337 4.0028167 1.9572814 1.3771503 1.6547009 1.0517988 8.885432 0.95047116 0 9.570435 1.8232592 1.8904874 1.7794011 0 0 0.4926837 3.5270643 1.1364706 0.1310993 0.06729046 2.3627322 1.3550444 0 0 0 0.74410266 3.435211 1.3033336 0.06551856 0.2948053 0.18816644 1.9805766 2.2926786 1.3702719 2.84126 1.6111609 0 3.0075974 3.0114064 1.5042593 0 1.7272336 1.3926109 2.1865158 0 3.3924162 1.9834138 0.7047054 2.9306593 1.4604362 0 1.4349133 2.6172755
"3300023248_5" 0.15230778 1.5876895 0.503575 0 0.32430977 0 0.16007394 1.4295847 0.11345388 8.907345 0.30748332 0.15915383 1.5894414 0.52502716 0 0 0.21714294 0.1355371 0.7349704 0.06984406 0 0 0 0.14184251 0.38611564 0 0 0.21129894 0 0 0 0 0.55497414 1.7493238 1.0647001 0.20362017 0 0.3261374 0.22162107 8.012001 0 0.30361962 0.13346125 0 0.7703462 0.45507157 0.2034216 0.1690244 0.22137114 0.4323984 0 0 0.50417006 0 0.080571145 1.54528 0.2669946 0 0.55745834 0
"20120600_E3D_46" 0.5749768 1.1294565 0 0 0 0 0 0.31107897 0 1.5808513 0 0 0 0 0 0 0 0.14987876 0.22479776 0.08843974 0 0 0 0.05620016 0 0 0 0.42292565 0 0 0 0 0 0.64900434 0.4065702 0 0 0 0 9.171046 0 0 0 0 0.2860241 0 0 0.22477666 0 0 0 0 0.42892444 0 0 1.308662 0 0 0.74548125 0
"20120700_P3D_35" 0.33443996 0.35875386 0.24411757 0.23446126 0.40955475 0.40008298 0.08243847 0.2177715 0.1624293 0.1965821 0.44352433 0.0796782 0.08698937 0.33367565 0 0 0.261423 0.32959884 0.3189322 0.21823855 0.39590555 0 0.085664175 0.11513985 0.07864674 0.2025024 0.35503036 0.12660569 0.05611451 0.14940795 0.2349251 0 0 0.09916122 0.9152632 0.34374616 0 0.11533493 0.55857736 0.39433658 0.07228726 0.2978639 0.1900836 0 0.20384106 0.483624 0.13005403 0 0.30726907 0.17884423 0.20013294 0 0.42005578 0.15255101 0.05996422 0.28526986 0.24845898 0 0.18068258 0.1020698
"20100900_E1D_10" 6.0920095 7.6518645 5.09723 5.3327117 4.2916913 5.300081 1.7990756 4.6489716 6.6012416 2.868686 5.3233633 1.7639537 1.6794277 5.200618 1.0332566 0.5965368 4.761219 2.187148 2.4590414 2.1806333 0.19590862 0 1.8799521 2.6880565 2.8360887 1.6015168 0.7082892 5.3411293 3.1414587 0.13423346 0.24788918 0 0.7705936 1.0966264 9.981614 4.3235025 0.702968 1.3898711 2.8548868 7.099601 2.448363 9.705467 4.809949 0.16642165 4.638836 6.115393 3.026158 0.90271604 6.990626 5.824429 6.6138854 0.47126707 5.2473264 4.5444894 1.5565454 6.0350847 2.4937959 0.68296456 3.384961 4.114978
"20160700_E25_27" 0.58567035 1.7383963 3.0890322 1.0270469 4.4801216 2.0760953 0.20417565 1.3587948 1.9214306 2.0979936 2.535574 1.1022689 0.48182872 2.7443702 0.44669715 0 2.4676492 1.8208592 2.310692 1.973837 0 0 0.12687151 0.41177255 0.8392633 0.18443477 0.24217466 2.1097007 0.6311585 0 0 0 0.07692404 0.4679523 9.3356 2.076688 0.25348583 2.3512375 5.0331173 2.874197 0.24477759 2.9784846 2.2085783 0 0.3838822 1.5060258 1.9395366 0.09578298 2.2307653 1.650653 2.6100023 0 1.97246 1.555566 0.25525787 1.4056112 1.7145653 0 1.0660082 1.1134322
"3300038458_11" 0.11824156 0.40015128 1.0645217 1.189689 4.329533 0.41174328 0.25125563 0.59492755 0.43396977 0.62394035 0.18168868 0.6466802 1.5483408 0.8891759 0 0.19561598 0.4503855 3.0794406 5.1809316 1.1799229 0 0 0.40027186 0.18114944 0.20530942 0 0 0.6152272 0 0 0 0 0 0 0 0.06249509 0.11330038 0.1561254 0.60286033 1.8635541 0.18100451 0.57432747 0.2503912 0 3.675669 3.6559577 0.97957975 0 1.4455802 0.64385706 0.115983255 0 0.65791005 0.24872121 0.67464274 0.7564572 0.50079924 0.05788696 0.5699852 0
"20120600_E2D_11" 1.3243389 8.786086 6.3947034 3.0643888 11.963266 2.153785 1.7311698 5.2802343 3.9507215 10.512671 7.0445065 3.4820597 1.8546329 6.475689 1.2004762 0.44778696 5.9096313 2.5974972 5.7818007 1.804719 0.093520604 0.09805079 0.7700634 2.897196 3.0244408 0.7602757 1.3998863 8.68533 1.1079305 0.504292 0.06765234 0 0.8539096 5.910271 20.437603 6.808983 0.943364 5.166587 4.2584496 9.990614 2.6927316 7.2695303 4.909401 0.19183266 6.04179 7.7710013 9.363716 2.1078105 10.12196 6.5021405 3.8626895 0.27436516 7.1792693 2.93518 6.187525 22.844347 5.595477 0.5962791 7.2157855 1.917755
"20120600_E3D_17" 0.19175835 1.6346841 2.3598964 0.5571771 2.775583 2.1895819 0.71219695 0.87023944 2.731819 1.0601128 0.4661166 0.33358002 0.21331355 1.6351292 0.08891901 0 1.3604769 1.1368388 1.2095416 0.7460434 0.34508508 0.11774502 0.09412808 0.99564373 0.94670165 0 0.14558765 1.530333 0.63798314 0.40765333 0.1476395 0.14405553 0 0 1.675366 0.94333136 0 0.13460295 1.0400462 1.9175491 0.5952968 1.1738906 1.5250547 0 0.5997632 1.4721118 1.1614965 0.40923294 2.315833 1.6074581 1.1380405 0 1.3858534 1.2395099 2.0683095 3.4692357 7.44761 0.16439256 2.2658575 2.158303
"20120600_E1D_31" 2.0591376 3.1741908 7.8994694 0.65665907 1.2303058 10.907093 4.8391047 4.982339 9.13007 16.781023 4.648888 4.769251 1.1768668 29.615328 1.8458575 0.62581474 18.201418 2.6408353 5.191277 3.5437362 0.08490581 0 0.6796632 2.4417095 1.752174 0.20496134 0.17330478 4.1522293 3.9208272 0 0 0 1.9469198 10.323854 38.552578 0.08309033 1.26822 0.7391459 9.759173 7.778122 5.4893966 13.115943 8.807592 0.09148369 6.9858456 6.67253 13.682485 0.2033226 2.2073 7.0812454 9.113746 0 9.313915 10.467666 8.682864 4.341545 5.8569384 0.089295045 1.4730115 5.784264
"20120600_E3D_8" 0.76221514 2.9429212 0.55933464 0.11304071 3.9834719 1.1828291 0.32313356 2.3196611 2.557715 9.126043 0 0.5421894 0.26751405 2.7722003 0 0 1.2944944 0.91329426 3.0465958 2.0008633 0.17446205 0 0.19609319 1.8695027 1.6631893 0.37789813 0 1.8726962 0.27684423 0 0 0 0.26919 0.7772206 10.678106 0.8865338 0.17216702 1.3096639 3.1322618 6.724111 0 4.5352087 0.7961863 0 1.4882351 1.5149341 0.3560658 0 1.9602797 1.29209 0.20165195 0 1.437711 1.0989935 1.1159017 2.8357522 3.4468312 0 0.70905393 0
"20120600_E1D_34" 0.34442267 2.2553709 0.62762266 0.06693837 1.7026132 1.1015941 0.12352455 0.6371025 1.2590599 2.8251805 0.1656862 0.27111807 0.09181604 1.2329992 0 0 0.7094562 0.57693774 0.92342895 0.6804518 0 0 0 0.5892746 0.30758178 0 0 1.2652993 0.122455984 0 0 0 0.07002604 1.060848 8.0085 0.24019374 0 0.42856327 0.5605684 2.3448741 0 1.5464265 0.32399735 0 0.33402994 0.29108128 0.080354765 0 0.53024197 0.50919884 0.14166701 0 0.6631575 0.1833022 0.54911673 1.7027985 0.34183905 0 0.6857605 0.3004847
"20120700_S1D_106" 0.11190675 0.14746192 0 0 0.063923664 0 0.07038432 0.088126704 0 0.14892296 0 0 0 0 0 0 0 0 0 0 0 0 0 0 0 0 0 0 0 0 0 0 0 0 0.124659665 0 0 0.056865685 0 0.060386226 0 0 0 0 0 0 0 0 0 0 0 0 0 0 0.12106421 0.58654684 0 0 0.08539386 0
"20170700_S35_4" 0.10410026 0.13723232 0 0 0.106787086 0 0.089249395 0.16433206 0.06760148 0.7013648 0 0 0 0 0 0 0 0 0 0 0 0 0 0 0 0 0 0.08648228 0 0 0 0 0 0.10705461 0.4378705 0 0 0 0 0.24214941 0 0.084938295 0 0 0 0 0 0 0.07334022 0 0 0 0.059612203 0 0.29057953 1.0608277 0 0 0.10116196 0
"3300037360_7" 0.17981985 1.1787881 0.9152498 0.1748701 1.5467191 0.6562292 0.23961031 0.4321624 0.44579846 2.617696 0.34564528 0.3054259 0.08163855 0.5629169 0 0 0.43519303 0.7639602 1.2632364 0.34027028 0 0 0 0.20847322 0.10652763 0 0 0.49477705 0.0805846 0 0 0 0.09375852 0.7069245 6.6719713 0.8999329 0 0.9001452 0.96346545 0.7583421 0.061622005 0.41587105 0.20836596 0 0.28293198 0.39453503 0.32771242 0.056501895 0.8700451 0.43307933 0.20204401 0 0.8578709 0.18876004 0.0895046 0.83205503 0.52856165 0.096595824 1.077779 0.2864237
"20120600_E3D_48" 0.14616354 2.260081 1.3685815 0.643634 2.661316 0.7386862 0.08526234 0.36270636 3.0171816 0.5399659 0.13044958 0.5712783 0.451941 1.3957266 0.13277939 0 1.2172918 1.1070193 1.5717143 0.3341401 0.05676149 0 0.093807496 0.692302 6.2342787 0 0 1.813007 0.82976574 0 0 0 0 0 0 0 0 0 0.6632018 2.054793 0.40430424 1.4612126 0.6960365 0 1.7431973 1.7706871 0.30467835 0 2.3132243 1.531269 0.7113416 0 4.629744 1.3563076 1.2621323 2.8181002 0.72637236 0.240869 3.641381 0.13536385
"20120600_E1D_51" 0 0.16536824 2.9991682 0.20717154 1.218149 3.100786 0.19261412 0.2014886 3.299803 5.256654 0.37805086 0.45214745 0.4383594 6.4302855 0 0 2.672788 0.99600405 1.4925306 0.65417063 0 0 0 0 0.3524164 0 0 0.19044405 0.64268523 0 0 0 0.35741526 1.8401158 0.37103313 0 0.14925434 0 4.671386 0.9823148 0.29252082 1.7459283 0.81128263 0 0.38161063 1.6783415 2.1351297 0 0.16047707 1.1007631 1.0735232 0 0.06791916 0.82855314 0.8365898 1.4575466 1.9359092 0 0.06630861 0
"PMCB01" 6.138919 4.6397023 7.1025834 2.4367583 2.4900415 6.858644 14.471326 6.989759 6.2394495 9.4242935 9.58792 1.9267987 1.6639811 9.193412 1.534341 3.356216 8.8023815 3.1182785 4.1421747 4.358272 0.31535655 0.06813928 2.176014 4.6095076 1.6429772 0.3218019 0.23331814 5.4288387 3.3168738 0 0 0 4.112799 7.258181 11.974155 0.35094315 1.3940502 1.2701595 6.6688566 7.0528293 14.396624 5.4632215 5.978834 0.0691859 4.567314 4.054598 4.028111 0.84259117 3.6742105 3.0068755 4.0601983 0.07583348 6.581113 5.4944496 12.150482 4.241389 5.0292873 0.8264315 2.3509705 7.3216867
"20120600_E3D_18" 1.0741423 4.910147 2.2896051 2.7043571 3.8123317 1.8667616 2.8475199 4.5840178 3.0561824 0.910345 0.5255165 1.0924884 1.6708665 3.7016168 0.3835564 0.3883868 2.9188802 1.1486956 1.7111967 1.0688146 3.7678306 3.7401958 0.57481754 2.2556527 1.2996032 0.6600783 5.947839 2.2420983 1.9347095 1.6635597 1.8034873 0.29787534 0.21586823 1.5225759 4.0788245 0.93612254 0.45748228 0.7200122 2.4904687 3.562511 1.759031 3.450321 2.4026914 0.070486985 4.2635827 2.3349578 0.8925559 0.94592136 2.5575666 2.2943897 4.097914 0.05739205 2.819713 5.1365094 1.2808173 3.6062422 2.4086323 0.2942648 1.3622794 2.3172543
"20120600_E1D_38" 0.18453987 0.83438104 2.267452 0.3072159 4.5552506 1.0043762 0.18850908 0.89945173 0.8157594 2.9126256 0.76641876 0.5066041 0.14128245 1.5161927 0.18700749 0 1.3963895 0.9194073 1.7276448 0.73265475 0 0 0 0.23052378 0.12068058 0 0.07880835 0.46698272 0.51189375 0 0 0 0.37591052 1.1411347 3.8297634 1.120337 0.1492374 2.3498187 2.911207 1.6405766 0.10192041 0.9452571 0.8127823 0 0.6185244 3.7215147 3.1280968 0.062010635 1.7716142 0.7814412 0.9101797 0 1.2000662 0.7592122 0.097535506 2.7404912 1.7848145 0 0.3910164 0.27677092
"Fen.Unlabelled.R3.T1.F2.trimmomatic.metaspades_bin.17_87.24_2.27" 1.8437073 1.4005324 0 0 0.24447206 0 0 0.09036821 0 1.8637729 0 0.077203296 0.10627769 0 0 0 0 0.07466167 1.1502734 0.17422272 0 0 0.19091493 0.98571354 0.07045849 0 0 1.3877298 0 0 0 0 0 0.61780155 0 0 0 1.3272228 0 0.31332034 0 0 0 0 0.35618544 0 0 0 0.12495947 0 0 0 0.72500694 0 0.23223111 0.9323204 0.14549746 0.082678325 0.47072536 0
