"genome" "711_E-1-S" "711_E-1-M" "711_E-1-D" "711_E-2-S" "711_E-2-M" "711_E-2-D" "711_E-3-S" "711_E-3-M" "711_E-3-D" "712_E-1-M" "712_E-1-D" "712_E-2-S" "712_E-2-M" "712_E-2-D" "712_E-3-S" "712_E-3-M" "712_E-3-D" "713_E-1-S" "713_E-1-M" "713_E-1-D" "713_E-1-X0" "713_E-1-X1" "713_E-2-S" "713_E-2-M" "713_E-2-D" "713_E-2-X0" "713_E-2-X1" "713_E-3-S" "713_E-3-M" "713_E-3-D" "713_E-3-X0" "713_E-3-X1" "714_E1_1-5" "714_E1_5-9" "714_E1_20-24" "714_E1_30-34" "714_E2_1-5" "714_E2_5-9" "714_E2_20-24" "715_E1_1-5" "715_E2_1-5" "715_E2_20-24" "715_E2_30-34" "715_E3_1-5" "715_E3_10-14" "715_E3_20-24" "715_E3_30-34" "716_E1_1-5" "716_E1_10-14" "716_E1_20-24" "716_E1_30-34" "716_E3_1-5" "716_E3_10-14" "716_E3_30-34" "717_E2_1-5" "717_E2_10-14" "717_E2_20-24" "717_E3_1-5" "717_E3_10-14" "717_E3_30-34"
"20120800_E3X_29" 0 0 0.20884939 0.117128186 0.30520684 0.37934256 0.3534511 0.12531713 0.122218475 0.28958258 0.27619335 0 0 0.5005617 0.5114303 0.07379869 0.40835136 0 0 0 3.7217612 0.4784195 0 0 0 0.30227906 0.8468162 0 0.07320892 2.4365013 2.52232 2.3465633 0.16854832 0.58977634 0.16410865 0.24944066 0.091913104 0 0.6658101 0.15304106 0.2786554 0.12214359 0.76391816 0 0 0.19697438 0.6589294 0 0.09512409 0.14110756 0.36286405 0 0.09285861 0.43950862 0.05823995 0 0.2277408 0 0.059290778 0.5595669
"20110800_E3D_4" 0 0 0.06370254 0 0 0 0 0 0 0.06444635 0.11015241 0 0 0 0 0 0 0 0 0 1.4522277 9.09558 0 0 0 0 7.7505836 0 0 3.9908543 2.4775176 0.9913046 0 0 0.18129577 0.11125695 0 0 0.0816503 0 0 0 0 0 0.107915685 0 0 0 0 0 0 0 0 0 0 0 0 0 0 0
"3300038461_13" 0 0 0 0 0 0 0 0 0 0 0 0 0 0 0 0 0 0 0 0 2.676995 0 0 0 0 10.476147 0.92660713 0.09413808 0.13609041 1.7803711 2.7175179 0.23472485 0 0 0 0 0 0 0 0 0 0 0.47739598 0 0 0 0.5809332 0 0 0.34480295 1.8309195 0 0 0 0 0 0 0 0 0
"3300037090_15" 0 0 0.38905454 0 0 0.57128954 0 0 0.11340451 0.22849642 1.2228831 0 0 0.7097897 0 0 0.43453377 0 0 0.118189596 9.728305 3.6456864 0 0 0 0.39006877 3.26269 0 0.14373034 6.2023067 7.9906197 6.0597715 0 0.53279185 0.5708224 1.635542 0 0.16119327 0.52514917 0.099657424 0 0.22568677 0.17490235 0 0 0.08928409 0.11637218 0 0.060201544 0.1280338 0.1622165 0 0.079379864 0.24704258 0 0 0.060912706 0 0 0.102812134
"3300038461_16" 0 0 0 0 0 0 0 0 0 0 0 0 0 0 0 0 0 0 0 0 2.109342 0 0 0 0 3.7008488 0.215257 0 0 0.35483778 0.63872254 0.06385783 0 0 0 0 0 0 0 0 0 0 0 0 0 0 0 0 0 0 0 0 0 0 0 0 0 0 0 0
"3300037132_13" 0 0 0 0 0.085309856 0 0 0 0 0 0 0 0 0.07279591 0 0 0 0 0.059167564 0 0.8387315 0.098186724 0 0 0 0.3266381 4.2559495 0 0 1.7485812 2.667932 0.12049034 0 0 0 0 0 0 0 0 0 0 0.06361433 0 0 0.07197915 0 0 0 0 0.13236226 0 0 0.05605284 0 0 0 0 0 0
"20110800_E3D_36" 0 0 0 0 0 0 0 0 0 0 0 0 0 0 1.4303223 0.07157371 0.09232337 0 0 0 0 0 0 0 0 3.2997494 4.0962715 0 0.093456246 9.586709 0.4427502 0.14924027 0 0 0 0 0 0 0 0 0 0 0 0 0 0 0 0 0 0 0 0 0 0 0 0 0.078569785 0 0 0
"20110800_E3D_10" 0 0 0 0 0 0 0 0 0 0 0 0 0 0 0 0 0 0 0 0 3.8972564 0.48272163 0 0 0 0.1737668 2.4115448 0 0 2.934301 2.4354532 1.0413184 0 0 0 0 0 0 0 0 0 0 0 0 0 0 0 0 0 0 0 0 0 0 0 0 0 0 0 0
"20120700_P3D_99" 0 0 0 0 0 0 0 0 0 0 0 0 0 0 0 0 0 0 0 0 0 0 0 0 0 0 0.29289773 0 0 0.18168478 0.22236376 0.060687102 0 0 0 0 0 0 0 0 0 0 0 0 0 0 0 0 0 0 0 0 0 0 0 0 0 0 0 0
"20120800_E2D_22" 0 0 0 0 0 0 0 0 0 0 0 0 0 0 0 0 0 0 0 0 14.108496 0 0 0 0 0.77234685 0 0 0 1.1942177 3.555045 0.14414372 0 0 0 0 0 0 0 0 0 0 0 0 0 0 0.31806046 0 0 0 0 0 0 0 0 0 0 0 0 0
"20120700_S3X_18" 0 0 0 0 0 0 0 0 0 0 1.2340177 0 0 0 0 0 0 0 0 0 0.14698157 0 0 0 0 0 0.5223232 0 0 0.2503982 2.5041301 0.111503646 0 0 0 0.8117052 0 0 0 0 0 0 0 0 0 0 0 0 0 0 0 0 0 0 0 0 0 0 0 0
"20110800_E3D_5" 0 0.10417397 0 0 0.092290744 0.08555728 0 0 0.52385104 0 1.7303771 0 0 0.14970636 0 0 0.12697558 0 0 0.056248195 1.9710644 0.5513417 0 0 0 1.0515323 3.7110841 0.099362604 0 7.0084877 16.641592 1.4764569 0 0 0.09536737 6.2638907 0 0 0.25292426 0 0 0 0 0 0 0 0.44630706 0 0 0.15155761 0.41490787 0 0 0.06117139 0 0 0 0 0 0
"20120700_P3D_55" 0 0 0 0 0 0 0 0.12775743 0 0 0 0 0 0 0 0 0 0 0 0 7.6593256 1.5194542 0 0 0 0.4882181 1.7061878 0 0 10.445263 5.264569 0.7397295 0 0 0 0.09809305 0 0 0 0 0 0 0 0 0.07498014 0 0 0 0 0 0 0 0 0 0 0.06425206 0.0687793 0 0 0
"20120700_P3D_84" 0 0 0 0 0 0 0 0 0 0 0 0 0 0 0 0 0 0 0 0 0.077794775 1.0841615 0 0 0 0 5.076278 0 0 0.19027667 0.27611735 0.7364977 0 0 0 0 0 0 0 0 0 0 0 0 0 0 0 0 0 0 0 0 0 0 0 0 0 0 0 0
"20130700_C2X_3" 0 0 0 0 0 0 0 0 0 0 0 0 0 0 0 0 0 0 0 0 7.0506783 2.094156 0 0 0 0 14.233056 0 0 14.832775 18.38284 1.0650731 0 0 0 0 0 0 0 0 0 0 0 0 0 0 0 0 0 0 0 0 0 0 0 0 0 0 0 0
"20110800_E2D_32" 0.46747744 1.282467 1.6957772 1.2744756 0.9508608 1.6143587 0.7315627 1.019015 1.686098 0.6790564 0.99426734 0.6072838 0.96492416 2.046744 0.14631388 0.09525229 1.6079379 0.69648796 0.78318787 0.41341272 0.25664234 3.7557712 0.0746768 0.46000466 0.2977498 0 4.8761673 0.9598038 0.79313153 1.1413634 2.9904892 2.395986 0 0.2647475 3.077406 1.3934336 0.2542733 0.4555957 2.6859329 1.5949996 1.2874914 2.2424717 1.3318166 0 1.6057796 1.7097889 1.1894215 0.29470918 1.976494 2.1617038 1.1775879 0 1.1498113 1.3528622 0.51618856 1.3199539 1.5328665 0 0.55444723 0.8881563
"3300038461_5" 0 0 0 0 0 0 0 0 0.17331648 0 0 0 0 0.07521591 1.6042169 0.06873905 0.09614187 0 0 0 1.2225481 0.097612046 0 0 0 3.4812083 0.47254568 0 0.28213122 0.20839475 0.43611082 0.0943087 0 0 0 0 0 0 0 0 0 0 0.26557472 0 0 0 2.029307 0 0 0 3.383633 0 0 1.6564885 0 0.2045615 1.5517336 0 0 1.3470787
"3300037089_15" 0 0 0 0 0 0 0 0 0 0 0 0 0 0 0 0 0 0 0 0 7.826906 2.143336 0 0 0 0.2756308 2.2719767 0 0 2.9097435 0.5695354 1.5425084 0 0 0 0 0 0 0 0 0 0 0 0 0 0 0 0 0 0 0 0 0 0 0 0 0 0 0 0
"3300036884_7" 0 0 0 0 0 0 0 0 0 0 0 0 0 0 0 0 0 0 0 0 0.3562115 15.611419 0 0 0 0 5.680144 0 0 0.37411177 1.0316669 1.9524789 0 0 0 0 0 0 0 0 0 0 0 0 0 0 0 0 0 0 0 0 0 0 0 0 0 0 0 0
"20110800_E3D_35" 0 0 0 0 0 0 0 0 0 0 0 0 0 0 0 0 0 0 0 0 6.2094445 6.1873446 0 0 0 0.43720624 5.7308884 0 0 5.8435097 4.0473156 3.7755418 0 0 0 0 0 0 0 0 0 0 0 0 0 0 0 0 0 0 0 0 0 0 0 0 0 0 0 0
"3300037225_17" 0 0 0.10958309 0 0.06004935 0.080637075 0.059536114 0 0.291919 0 0 0 0 0.29402602 0.21252872 0 0.42378217 0 0 0 3.3466148 17.568325 0 0 0 0.4203789 30.961763 0 0.19531624 2.909189 3.6209023 2.0820637 0 0 0 0.2734453 0 0 0.14560468 0.06701562 0.08137351 0.12070518 0.4683172 0 0.061063863 0.06361232 0.40395153 0 0 0.20231263 0.5676041 0 0.12133353 0.58971965 0.16603646 0.26497024 0.4065763 0 0 0.43819824
"PLLP01" 0 0 0 0 0 0 0 0 0 0 0 0 0 0 0 0 0 0 0 0 12.819679 2.4753988 0 0 0 1.0667136 6.282776 0 0 3.960487 2.6095622 4.382024 0 0 0 0 0 0 0 0 0 0 0 0 0 0 0 0 0 0 0 0 0 0 0 0 0 0 0 0
"20120800_E2X_21" 0 0 0 0 0 0 0.20378047 0.07600639 0 0 0 0 0 0 0.056452624 0 0 0 0 0 4.6845126 21.474655 0 0 0 0.85416055 13.751735 0 0 1.8213445 2.4775522 6.688804 0 0 0 0 0 0 0 0 0.55455184 0 0 0 0 0 0.12036432 0 0 0 0 0 0 0 0.5342236 0.15321356 0.28744662 0 0 0
"20150700_S25_3" 0 0 0 0 0 0 0 0 0 0 0.4162301 0 0 0 0 0 0 0 0 0 0.090491876 0 0 0 0 0 0.41550812 0 0 0.069185816 0 0 0 0 0 0.9684285 0 0 0 0 0 0 0 0 0 0 0 0 0 0 0 0 0 0 0 0 0 0 0 0
"20120700_P3D_7" 0 0 0 0 0 0 0 0 0 0 0 0 0.058580622 0 0 0 0 0 0 0 4.9897637 9.937002 0 0 0 0.54588693 10.066631 0 0 10.170385 9.542134 7.660234 0 0 0 0 0 0 0 0 0 0 0 0 0 0 0 0 0 0 0 0 0 0 0 0 0 0 0 0
"20120800_E1X_7" 0 0 0 0 0 0 0 0 0 0 0.5018152 0 0.10432239 0 0 0.057990655 0 0 0 0 0.16080727 2.0366452 0 0 0 0 0.6998902 0 0 0.33391896 0.38483763 1.4649364 0 0 0.1435628 2.878453 0 0 0 0 0.064828284 0 0 0 0 0 0 0 0 0 0 0 0 0 0.18887629 0 0 0.08213344 0 0
"20120800_E1D_21" 0.10490302 0.18750134 0.35459498 0.12454035 0.50215626 0.23081425 0.1762529 0.29009482 0.17106679 0.33021206 0.6942633 0.1346697 0.22202739 0.26041734 0 0.12024748 0.1795684 0.2840641 0.30114684 0.14630598 0.54970694 0.88901967 0.11685069 0.16748287 0.1384156 0 1.591862 0.15360984 0 0.6663871 1.2777847 0.44104582 0 0.14625692 1.4045038 2.5157468 0.0754755 0.36756703 0.3798713 0.2956925 0.15194865 0.30955863 0.22265404 0 0.39095697 0.31856078 0.18769982 0.07046698 0.22447865 0.17703606 0.116687894 0 0.15867878 0.13797386 0.1801249 0.25956038 0.28792253 0.13215724 0.25509033 0.14601566
"20120800_E1X_6" 0 0 0 0 0 0 0 0 0 0 0 0 0 0 0 0 0 0 0 0 1.3437003 0 0 0 0 1.961543 2.706136 0 0 4.162741 1.4197382 0.105832055 0 0 0 0 0 0 0 0 0 0 0 0 0 0 0.21197994 0 0 0 0.14674923 0 0 0 0 0.07750598 0.074738085 0 0 0
"20120700_P3D_105" 0 0 0 0 0 0 0 0 0 0 0 0 0.057016596 0 0 0 0 0.08185386 0.13622119 0.11446662 0.098475926 0.4198209 0 0 0 0 0.8201687 0 0 0.23167259 0.25629777 0.41137725 0 0 1.4191574 0.45281053 0 0 0.6471729 0 0 0 0 0 0 0.15701316 0 0 0 0 0 0 0 0 0 0 0 0 0 0
"20110800_P1D_29" 0 0 0 0.08161687 0.07433728 0.18019988 0 0 0.11307118 0 0.124190025 0.05586071 0.0716863 0.4830577 0 0.056325436 0.22287284 0 0 0 0.7183627 1.0814762 0 0 0 0.056205623 2.3647208 0 0 0.26617995 0.14642277 0.11661214 0 0 0 0 0 0 0.13060953 0.06638158 0.09318673 0 0 0 0 0 0 0 0 0.06920036 0.07298396 0 0 0.08077543 0.11126492 0 0 0.10183307 0 0.11494461
"PMZK01" 0.06628412 0.17195117 0.41241693 0.3975886 0.7637774 0.43890816 0.15467192 0.20909289 0.42091572 0.14285791 1.801698 0.27951685 0.28137675 0.6629156 0.21064314 0.08554545 0.60345477 0.26273066 0.2989239 0.21542616 4.2126827 4.3294296 0 0.12871146 0.07353186 1.7458637 5.3431935 0.189566 0.30293113 1.6046364 2.8998861 2.8984883 0 0.09898712 0.5242258 2.3329825 0 0.20987172 0.50220793 0.35003874 0.17080684 0.42688382 0.43031752 0 0.17093204 0.3061161 0.6702774 0 0.3661723 0.4009745 0.7780184 0 0.39677477 0.70181113 0.19593361 0.5452578 0.39037585 0.062478837 0.19196643 0.5249248
"20110700_P2D_27" 0.08291723 0.21603175 0.52381706 0.5005121 1.1506039 0.5670939 0.2274695 0.30073228 0.540458 0.18294142 1.7039168 0.3719806 0.34540918 0.7772407 0.25753233 0.14773606 0.745792 0.28196836 0.37298495 0.2697225 1.2438806 1.8447807 0.078032434 0.16919616 0.097747035 0.4564725 1.2527182 0.24343373 0.3740171 0.351248 0.41774082 0.8670106 0 0.15331382 0.7074635 2.1906247 0.073980264 0.3447711 0.6568975 0.48080876 0.25825813 0.569041 0.5695203 0 0.27704656 0.4184213 0.7820881 0.10312359 0.49162963 0.51483357 0.8867593 0 0.5306818 0.84804714 0.28539076 0.9240672 0.5379032 0.110207394 0.26007098 0.6672312
"20130700_E1X_5" 0 0.0909607 0.6534309 0 0.07155788 0.8131826 0.068563625 0.05868305 0.40754727 0.15530552 3.976061 0.09471565 0 0.9117988 0 0 0.7388822 0.071478315 0.10651828 0.19558966 20.550293 0 0 0.10000835 0 0.33002117 0.8965375 0.14736392 0.24305695 2.7808943 2.10985 0.4275759 0 0 0.1835946 12.942863 0 0 0.58597666 0.14739439 0 0.33707568 0.5382075 0 0 0.17987181 0.5246177 0 0.19495425 0.59029484 0.70678055 0 0.23389757 0.7425829 0.068835065 0.13756968 0.27098092 0 0.15705432 0.77064174
"20120700_S1D_85" 0 0 0.22810619 0 0.23742248 0.4104492 0 0 0 0 1.1979345 0.05654004 0 0.49177244 0 0 0.21150196 0 0.07802159 0.2113779 0.56833285 0.059164178 0 0 0 0.06954145 0.514442 0 0 0.25372493 0.2772867 0.08454496 0 0 0.57944727 1.0181084 0 0.13905069 1.4193909 0 0 0.10944684 0.14613944 0 0 0 0.21623495 0 0 0.05795409 0.16910125 0 0 0.07245305 0 0 0 0 0 0.06870292
"20110800_E2D_18" 0 0 0 0 0 0 0 0 0 0 0 0 0 0 0 0 0.09835807 0 0 0 0.08550187 0.0654272 0 0 0 0 2.5651913 0 0 1.3186196 4.348423 1.5791154 0 0 0 0 0 0 0 0 0 0 0.06518642 0 0 0 0 0 0 0 0 0 0 0.06191114 0 0 0 0 0 0
"20120700_P3D_140" 0 0 0 0 0 0 0 0 0 0 0 0 0 0.056850847 0 0 0 0 0 0 0.6519879 0 0 0 0 0 1.3149474 0 0 0.3725765 0.37719187 0.3348225 0 0 0 0 0 0 0 0 0 0 0 0 0 0 0 0 0 0 0 0 0 0 0 0 0 0 0 0
"20110800_E3D_11" 0 0 0 0 0 0 0 0 0 0 0 0 0 0 0.27567276 0 0 0 0 0 1.0895908 0 0 0 0 2.5593588 0.22723904 0 0 2.500619 1.3728346 0.24198511 0 0 0 0 0 0 0 0 0 0 0 0 0 0 0.06567393 0 0 0 0.14751518 0 0 0 0.10351055 0.190689 0.26943997 0 0 0
"3300038461_4" 0 0 0 0 0 0 0 0 0 0 0 0 0 0 0 0 0 0 0 0 0 0 0 0 0 15.724292 2.1997592 0.124796785 0.058911018 0.15011448 0.56271833 0.34130207 0 0 0 0 0 0 0 0 0 0 0 0 0 0 0 0 0 0 0 0 0 0 0 0 0 0 0 0
"20120800_E3D_2" 0 0.069997996 0.29112375 0.08149301 0.16585714 0.114132196 0.09497438 0.13482659 0.40310672 0 6.0508986 0.20404676 0.21243243 1.0700552 3.0536046 0 1.0136969 0 0 0 11.867496 1.5368521 0.057252 0 0.064882554 14.07855 3.8867457 0.18018971 1.0199866 10.168956 5.459782 0.42602336 0 0 0.23979725 2.400616 0.06978017 0.16044459 0.15504684 0.33709 0.10173399 0.49405605 2.411779 0.3031972 0.7190723 0.789983 11.420869 0 0.12215232 0.4265406 13.385768 0 0 1.5759972 0.6124768 3.5030286 2.7366602 0 0 0.86977357
"20120800_E2X_14" 0.088114016 0.08415533 0.10085365 0 0 0.060202338 0.06773779 0 0.31165045 0 0.53676564 0 0 0.7498879 0.19563061 0 0.78287965 0 0 0 9.113163 6.5981727 0.05823414 0.22850718 0.17862579 4.0100465 9.912658 0.082418546 0.4686895 3.2717881 3.9592414 8.40729 0 0 0.124425754 0.9667035 0 0 0.06368723 0.13761725 0.083571486 0.26075566 0.71419597 0 0.10846178 0.31966108 4.0728097 0 0.07279148 0.26343697 1.5305761 0 0.34410465 0.78586537 0.23260401 0.3044054 0.608601 0 0.09956563 0.5119573
"20110800_E3D_15" 0 0 0.14878064 0 0 0.45852768 0 0 0.14648122 0 4.0234995 0 0 0.48242804 0 0 0.5446436 0 0 0 2.6313126 1.203895 0 0 0.061884157 0.31481555 1.284438 0 0.083382934 1.5432557 1.3726252 0.9404189 0 0 0 0.18516858 0 0 0.25053525 0 0 0.08751577 0.36988574 0 0 0.30285898 1.2747892 0 0.091921575 1.0980579 2.0374496 0 0 0.40389177 0 0.11447573 0.31712556 0 0 0.2569259
"20130700_E2X_2" 0 0 0 0 0 0 0 0 0 0 0 0 0 0 1.3025521 0 0 0 0 0 0.7127095 0 0 0 0 6.642897 0.48365536 0 0 0.22548687 0.15016596 0 0 0 0 0 0 0 0 0 0 0 0 0 0 0 0.10269804 0 0 0 0.12961192 0 0 0 0 0 0.08212459 0 0 0
"20130700_E1Y_1" 0.0898775 0.26586065 0 0.410132 0.31459752 0 0.124848306 0.13269368 0.09647017 0.474243 0 0.09287722 0.3134167 0.1416492 0 0.15925777 0.09887624 0.07200038 0.18617563 0 0.6961345 10.4238615 0.063285135 0.107123025 0 0 1.018239 0.17571299 0 0.33499095 1.574777 2.1539195 0.11504553 0.2966069 0.4200111 0.14598642 0 0.2032879 0 0.058445133 0.09213334 0 0.07052919 0.08076731 0.6636146 0.21892613 0 0.09641848 0.18719654 0 0.13660486 0 0.16788498 0.09893722 0.14337036 0.07272325 0.06802943 0.083303414 0.070523135 0
"20130700_E2Y_3" 0 0 0 0.2414879 0.15498216 0.17711632 0.18203263 0.059721403 0.29281032 0.06117719 0 0.06723168 0.25837865 0.57117665 0 0 0.249847 0.1782048 0.35922182 0.14706725 8.563104 3.2125967 0 0 0.08159883 0.38018662 20.92844 0.057573434 0.058264162 11.575407 13.8821535 10.030716 0 0 0.06320587 0 0 0 1.0302253 0 0 0.12022382 0.14465822 0 0 0 0 0 0.11347426 0.274512 0.23379959 0 0 0.22335744 0 0 0 0 0 0
"20150700_S15_12" 0 0 0.25637516 0 0 0.10491763 0 0 0 0 2.6091466 0 0 0.123780176 0 0 0 0 0 0 0.46828672 0.33555427 0 0 0 0 2.022257 0 0 0.45924285 0.9518279 0.19375753 0 0 0 6.5387554 0 0 0.25047222 0 0 0 0 0 0 0 0 0 0 0 0.45008886 0 0 0.2613058 0 0 0 0 0 0
"20130700_E1Z_4" 0 0 0 0.28806597 0 0.14748332 0.115677625 0.06914631 0.3436897 0 0.15308338 0 0.08880389 0.31363112 0 0.057906497 0.34122828 0 0 0.058643397 3.8170207 7.312681 0 0 0.08446837 0.15896404 7.554834 0 0 6.9732604 3.0296168 13.81549 0 0 0 0 0 0 0.35597646 0.07007899 0.07759246 0.1336962 0.16776608 0 0.15500006 0 0 0 0.0963945 0.18301462 0.14450842 0 0.07554006 0.28147063 0 0 0 0.07379479 0 0.14029154
"20120800_E2X_16" 0 0 0 0.07679842 0 0 0 0 0 0 0 0 0.08552944 0 0 0 0 0 0.098257974 0 0.35339934 12.294554 0 0 0 0 9.057873 0 0 2.593053 8.499762 4.731244 0 0 0 0 0 0 0 0 0 0 0 0 0 0 0 0 0 0 0 0 0 0 0 0 0 0 0 0
"20120800_E2D_10" 0 0 0 0 0 0 0 0 0.07125532 0 1.4404048 0 0 0.122189105 0 0 0.056171305 0 0 0 24.513718 2.8571465 0 0 0 4.507172 0.746629 0.07835041 0.06397256 16.374313 4.748835 0.37400562 0 0 0 1.2929065 0 0 0 0 0 0 0 0 0 0 1.4556566 0 0 0 0.09267272 0 0 0 0 0 0 0 0 0
"20120800_E3D_4" 0 0.28365684 0 0.22276217 0.74020207 0.71614325 0 0 2.4033601 0 0 0.2044709 0.087826066 2.2007847 0.9110876 0 1.7248269 0.3327119 0.48712206 0.48676696 12.091561 0.95825326 0 0 0.6207393 4.362345 7.767596 0.43674588 2.1597204 2.6718118 3.0359507 2.3179462 0 0 0 0 0 0 0.98043454 0.8589485 0 2.2493842 2.4717045 0 0 0 0.15269148 0 1.2633123 2.7781892 5.731178 0 0.1827147 3.108103 0 0 0 0 0 2.3691525
"20111000_P2D_4" 0.073617525 0 0 0.5674705 0 0 0.1279245 0.19953285 0 0 0 0.19211924 0.32590273 0 0 0 0 0.07760453 0 0 3.974681 2.698993 0 0 0 0.6137348 13.385704 0 0 3.4487567 5.9731474 3.8531148 0.54305565 0.05932063 0 0 0.21962768 0 0 0 0.17566794 0 0 0 0.13691361 0 0 0.31214124 0.098879956 0 0 0 0 0 0.19327183 0 0 0 0 0
"20110700_P2D_21" 0.3719642 0.34522775 0.3920283 0.33458424 0.40996554 0.3233991 0.34790915 0.47880664 0.16870706 0.33754426 0.14875823 0.48024088 0.659373 0.46689078 0.15407336 0.20482297 0.27027696 0.35461283 0.2461255 0.24463452 0.75567764 3.5408897 0.26051953 0.13304323 0.12074888 0.0678586 5.3386254 0.2015867 0.058937754 0.977997 1.7036935 0.3069097 0.46377704 0.43575355 2.2293532 2.2168643 0.41224015 0.8055004 0.42193848 0.29253903 0.21157524 0.21738924 0.16279788 0.13856664 0.2845949 0.5623496 0.25559652 0.16458254 0.5271013 0.18196034 0.13206509 0.49011993 0.20039554 0.14037068 0.39986223 0.73592585 0.2473424 0.55260646 0.40494534 0.13130772
"20120700_S1X_15" 0.5873018 0.9945325 2.296907 0.8142661 2.6986613 2.5070193 0.9404796 0.8573119 1.3086342 1.1623269 7.5034037 0.6762891 0.7049558 2.5986872 0.2999222 0.30644432 2.06717 1.9586219 1.9413968 1.8185184 2.9164877 6.4054914 0.26965734 0.64602107 0.7447369 0.3533262 9.971981 0.9100521 0.6460371 5.2149506 8.278114 3.5154753 0.39313665 1.3893064 7.3532333 9.070639 0.45668942 2.0417726 3.3784554 2.180208 0.64819074 2.7566946 1.6513416 0 1.5867342 2.3977559 1.50296 0.17014013 1.8733542 2.345609 1.5248761 0 1.6330595 1.8664895 1.0856087 1.2450985 1.1489273 0.28685546 1.5442381 1.4593021
"20120800_E3S_6" 0.58048093 1.1523267 1.9770291 1.0286946 2.8540072 2.4363248 1.0339254 0.9294288 1.4502977 1.1787146 3.5445552 0.70699173 0.83508044 3.0145717 0.33097112 0.3307407 2.238728 2.018867 1.9653379 1.7334126 8.214367 13.640433 0.27588734 0.6598597 0.93157 0.56278884 17.105423 0.9648385 0.83369285 16.058882 16.036749 12.849472 0.37358704 1.3096575 4.6771073 4.0792527 0.45102203 1.431726 3.7026482 2.415294 0.6736112 2.596126 1.7098017 0 1.6944155 2.3237305 1.2489014 0.20165348 1.9436522 2.1586382 1.7643635 0 1.785919 2.0836427 1.2047844 1.4719319 1.294133 0.31136808 2.2069657 1.3717351
"20120700_P3D_102" 0.5969985 0.79483604 2.3053536 0.37280467 0.8244927 2.737266 0.69090855 0.5880132 1.3270333 0.8068867 4.2714715 0.5060842 0.41804588 2.5411522 0.33146772 0.29041788 2.1953254 1.2733397 1.207091 1.5432549 14.182446 6.1587124 0.2891118 0.73167056 0.6057626 0.17205615 9.147521 0.93489385 0.7018162 22.042818 30.536625 10.192468 0.2964445 0.9506463 3.2737846 1.2933347 0.28646418 0.8040517 3.049612 1.4963433 0.47512078 2.4637716 1.6043382 0 0.82185847 1.1998549 1.062443 0.07765135 1.4595386 2.2430148 1.4834988 0 1.535272 2.0583568 0.9587555 0.8712027 1.0841012 0.25966343 1.0091546 1.8507847
"20110800_E3D_18" 0 0 0 0 0.07398215 0 0 0 0 0 0 0 0 0 0 0 0 0 0 0 3.0383632 6.63735 0 0 0 0.26503536 23.810656 0 0 2.3448117 4.458158 2.4708023 0 0 0 0 0 0 0 0 0 0 0 0 0 0 0 0 0 0 0 0 0 0 0 0 0 0 0 0
"20120700_P3D_73" 0 0 0 0 0 0 0 0 0 0 0 0 0 0 0 0 0 0 0 0 0.43465954 0.97140247 0 0 0 0 3.8720016 0 0 0.085847534 0.0781402 0.43148285 0 0 0 0 0 0 0 0 0 0 0 0 0 0 0 0 0 0 0 0 0 0 0 0 0 0 0 0
"20130700_C1X_6" 0 0 0.06369091 0 0 0.22773166 0 0 0.07113445 0 3.3928854 0 0 0.104858235 0 0 0.080624 0 0 0 1.7780325 3.3920906 0 0 0 0 0.5040986 0 0 1.7682571 1.4200941 0.2167821 0 0 0.19420579 6.050648 0 0 0.12930703 0 0 0 0 0 0 0.06693548 0.12914369 0 0 0.061559767 0.13401163 0 0 0 0 0 0 0 0 0
"20110800_E2D_5" 0.084390044 0 0 0 0 0.10356309 0.13880749 0 0.178471 0 0 0 0 0.58398044 0.9636352 0.16922267 0.8633099 0 0 0 19.316223 26.93169 0.0745702 0 0 0.73506147 1.160918 0 0.12543567 1.3229792 1.1457272 1.217983 0 0 0 0 0 0 0 0 0.10597326 0.10032573 0.40171447 0 0 0 1.2910903 0 0 0 2.0542908 0 0.11071155 0.5392991 0.21033756 0.08043132 0.36760372 0.070545085 0 2.8545296
"20170700_S25_8" 0 0 0.21345037 0.07701063 0.3163175 0.4081863 0 0.081892036 0.06570702 0.20569369 1.1928355 0.05613358 0 0.1108554 0 0 0 1.5453917 2.466849 1.7249179 1.4002483 6.284105 0 0 0 0 10.01772 0 0 0.54093504 0.7457014 1.706138 0 0.1488794 2.6312954 1.6739571 0 0.30151227 1.8997391 0.07924001 0 0 0 0 0.065537915 0.2215498 0.10115579 0 0.2555262 0.418912 0 0 0 0.07193126 0 0.08057854 0 0 0 0
"20120700_P3D_101" 0.12108255 0 0 0 0 0 0 0 0 0.09746726 0.6185086 0 0 0 0 0 0 0 0 0 0.3672138 0.28203657 0 0 0 0 0.08149723 0 0 0.73951715 0.85674864 0.0968822 0 0.103071034 1.0853028 0.8422828 0 0.08560032 0 0 0 0 0 0 0 0 0 0 0 0 0 0 0 0 0 0 0 0 0 0
"20170700_S25_9" 0 0 0 0 0.18129651 0.3621169 0 0 0 0.2024619 0 0 0 0.3400701 0 0 0.09786934 0.22716336 0.40044916 0.44441998 1.1187932 2.967188 0 0 0 0 0.39572498 0 0 0.75925374 1.695331 0.7532119 0 0 0.81235296 0.13387734 0 0 0 0 0 0 0 0 0 0 0.115719594 0 0 0 0 0 0 0 0 0.1318654 0.10160826 0 0 0
"20130700_E2Y_10" 0 0 0 0 0 0 0 0 0 0 0 0 0 0 0 0 0 0 0 0 0.2520589 4.370602 0 0 0 0.68687826 77.35103 0 0 2.2482598 14.445905 8.129483 0 0 0 0 0 0 0 0 0 0 0 0 0 0 0 0 0 0 0 0 0 0 0 0 0 0 0 0
"20170700_S34_23" 0 0 0 0 0 0 0 0 0 0 0.3391808 0 0 0 0 0 0 0 0 0 1.1050637 0 0 0 0 0 0.7323285 0 0 0.8735372 0.58931506 0.09118965 0 0 0.09549291 0.08376439 0 0 0.13003731 0 0 0 0 0 0 0 0 0 0 0 0 0 0 0 0 0 0 0 0 0
"PLCS01" 0 0.08075541 0.36536378 0 0.46950495 0.14766869 0 0 0 0.29925326 0.54448956 0.11699941 0.08952902 0.17357701 0 0 0.1089154 0.579981 0.86089414 0.311673 0.23094721 0.5230137 0 0.05607648 0 0 1.7078025 0.059936766 0 0.099467136 0.13309632 0.67957145 0 0.083375305 1.4437231 0.4289052 0 0.5884307 1.1497793 0.10811519 0 0 0 0 0.08806375 0.22969101 0.16112566 0 0.140603 0 0 0 0.22836399 0 0 0.1185499 0 0 0.29527953 0
"20120800_E3X_27" 0 0 0 0 0 0 0 0 0.06881067 0 2.8895364 0 0 0 0 0 0.059128348 0 0 0 18.729507 25.807749 0 0 0 2.2371583 33.473824 0 0 30.004816 39.971653 63.217934 0 0 0 1.9738227 0 0 0 0 0 0 0 0 0 0 0 0 0 0 0 0 0 0 0 0 0 0 0 0
"20110800_E3D_20" 0 0 0 0 0 0 0 0 0 0 0 0 0 0 0 0 0 0 0 0 10.307899 17.681776 0 0 0 0.9657673 6.0785513 0 0 8.46558 4.9176655 2.9463904 0 0 0 0 0 0 0 0 0 0 0 0 0 0 0 0 0 0 0 0 0 0 0 0 0 0 0 0
"20170700_S24_10" 0 0 0 0.105325565 0.50386727 0.38449788 0 0 0.0685593 0 0 0.08328628 0 0.43843964 0 0 0.15421811 0.612089 0.32452482 0.07986795 0.22440422 0.056898322 0 0 0 0 0.85787416 0 0 0.13273561 0.24865676 0 0 0 0 0 0 0.11135249 0.3773187 0 0 0 0 0 0 0 0 0 0 0.11950937 0.24769403 0 0 0 0 0 0 0 0 0
"20140700_S16_1" 0 0 0 0 0.08745817 0.101777345 0 0 0 0 0 0 0 0.1930786 0 0 0.05854569 0 0 0 0.106164776 0 0 0 0 0 0.43059787 0 0 0.05609699 0.11867792 0 0 0 0 0 0 0 0.19118045 0 0 0 0 0 0 0 0 0 0 0.060250565 0.13833939 0 0 0 0 0 0 0 0 0
"20170700_S25_14" 0 0 0 0 0.0774405 0.09033311 0 0 0 0 0 0 0 0.16933393 0 0 0 0 0 0 0.093426265 0 0 0 0 0 0.37129834 0 0 0 0.097489245 0 0 0 0 0 0 0 0.1595061 0 0 0 0 0 0 0 0 0 0 0 0.11196382 0 0 0 0 0 0 0 0 0
"20110700_S3M_12" 0 0 0 0 0 0 0 0 0 0 0.15606123 0 0 0 0 0 0 0 0 0 0 0 0 0 0 0 0.2069262 0 0 0.14756793 0.24788748 0.4256551 0 0 0.09333988 0.14696814 0 0 0 0 0 0 0 0 0 0 0 0 0 0 0 0 0 0 0 0 0 0 0 0
"20120700_S1D_41" 0 0 0 0 0 0 0 0 0 0 0.8137966 0 0 0 0 0 0 0 0 0 0 0 0 0 0 0 0.23837586 0 0 0.13390929 0.2308664 0.28438714 0 0 0.16552691 0.62350893 0 0 0.24886015 0 0 0 0 0 0 0 0 0 0 0 0 0 0 0 0 0 0 0 0 0
"20120500_P38_6" 0 0 0 0 0 0 0 0 0 0 0 0 0 0 0 0 0 0 0 0 0.2843972 7.559777 0 0 0 0 9.117108 0 0 0.4476827 1.5942763 0.69959635 0 0 0 0 0 0 0 0 0 0 0 0 0 0 0 0 0 0 0 0 0 0 0 0 0 0 0 0
"20110800_E1D_22" 0.0640292 0.3234377 9.900109 0 0.1367563 5.019395 0 0 6.008608 0 76.51141 0.4827097 0.06625255 9.906611 1.4350426 0 12.692142 0.26204902 0.16619867 0.38857502 3.8317597 1.2117485 0 0.16646916 2.7354271 2.7191732 43.881813 0.1622834 2.5261166 17.556412 28.549324 5.8874907 0 0 0.22762333 7.6339884 0.13321377 0.194077 8.078889 1.4819009 0 15.274981 11.4672165 0 0 0 2.1926496 0 0.853463 5.9136868 11.291343 0 0.4010006 4.778665 0 0.061164256 0.21062781 0 0.11209739 10.761965
"20120700_P3D_12" 0 0.14606267 0.21059649 0 0.30817726 0.09899357 0.084906496 0.17465882 0.1463138 0.08908252 1.1297503 0 0 0.16652347 0 0 0.14683658 0.17335218 0.15473987 0.1285403 8.139752 6.339698 0 0.089134775 0 0.77237344 6.0637684 0.22050485 0 5.513528 6.369683 2.6114254 0 0.13321857 0.34122127 0.36632407 0 0.0829709 0.21363904 0.19681384 0 0.11622852 0.2617877 0 0.11638861 0.214882 0.21890852 0 0.17443444 0.13254794 0.39851126 0 0.08973096 0.15101674 0 0.10591787 0.063164145 0 0 0.08024917
"20110800_E3D_19" 0 0 0 0 0 0 0 0 0 0 0.40823564 0 0 0 0.14015171 0 0.06443679 0 0 0 0.74365306 0.8009679 0 0 0 0.7250337 1.9466219 0 0 4.055591 3.8252666 0.52889866 0 0 0.479579 0.18690217 0 0 0 0 0 0 0.153783 0 0 0 0 0 0 0 0.4568027 0 0 0.14425679 0 0 0 0 0 0
"20120700_P3D_142" 0.09922434 0.24954808 0.5227035 0 0.29145837 0.30348244 0 0.065916255 0.30932862 0.0565828 0.18364954 0 0 0.41494206 0 0 0.35491705 0.24793439 0.30245325 0.15966828 0.35605022 0.24798933 0 0 0.15231058 0 0.61926115 0.11685059 0.08536549 0.22182387 0.23499943 0.70776474 0 0 0.34129557 0.1711175 0 0 0.33074167 0.41733724 0 0.58291024 0.3970988 0 0 0.15091065 0.11346827 0 0.32036036 0.53094405 0.3898587 0 0.20136508 0.2525764 0 0.094924256 0.13952708 0 0.08639831 0.2018098
"20120700_P3D_90" 0 0 0 0 0.10256239 0 0 0 0 0 0.15229852 0 0 0 0 0 0 0 0 0 0.09345388 0.22307718 0 0 0 0 0.5345638 0 0 0.13652012 0.14072646 0.22079313 0 0 0.22436666 0.06363414 0 0 0 0 0 0 0 0 0 0 0 0 0 0 0 0 0 0 0 0 0 0 0 0
"20110800_E2D_22" 0 0 0 0 0 0 0 0 0 0 0 0 0 0 0 0 0 0 0 0 2.822226 11.066378 0 0 0 0 14.907372 0 0 6.382331 4.030319 20.654024 0 0 0 0 0 0 0 0 0 0 0 0 0 0 0 0 0 0 0 0 0 0 0 0 0 0 0 0
"20120800_E3S_10" 0 0 0 0 0 0 0 0 0 0 0 0 0 0 0 0 0 0 0 0 0.5702895 0.44814858 0 0 0 0.05858593 10.900178 0 0 2.1070545 11.589296 0.22400402 0 0 0 0 0 0 0 0 0 0 0 0 0 0 0 0 0 0 0 0 0 0 0 0 0 0 0 0
"20110800_E2D_20" 0 0 0 0 0 0 0 0 0 0 0 0 0 0 0 0 0 0 0 0 3.9357448 6.5544534 0 0 0 0 2.401299 0 0 1.7420388 1.9015839 1.0331898 0 0 0 0 0 0 0 0 0 0 0 0 0 0 0 0 0 0 0 0 0 0 0 0 0 0 0 0
"20120500_P19_8" 0 0 0 0 0 0 0 0 0 0 0 0 0 0 0 0 0 0 0 0 0.76736283 0.43295422 0 0 0 0 0.9218357 0 0 0.068928696 0.08604866 0 0 0 0 0 0 0 0 0 0 0 0 0 0 0 0 0 0 0 0 0 0 0 0 0 0 0 0 0
"20120800_E2X_6" 1.4151974 2.306903 2.4251657 2.748966 1.9502221 4.0097365 3.0421126 2.0198448 5.227751 1.0633667 2.172698 0.745003 1.4577869 4.268134 1.099243 1.4794304 3.889216 1.477345 1.8233198 1.1401722 6.422823 7.9925456 0.9669883 1.2549598 1.3513769 1.5876421 5.950481 1.4860227 1.9397075 7.553913 4.845105 7.5677905 0.1878046 0.2325693 1.2157413 2.6855793 0.42690778 0.6547176 3.972436 2.351755 2.429029 2.8714416 4.1244555 0.28932932 1.9410198 1.9422334 3.2026057 1.1117437 1.9998102 2.9911757 3.1720707 0.31314057 3.0553646 5.7840595 2.659426 2.3572156 3.6629908 1.8382517 1.8978739 6.836721
"20110800_E3D_22" 0 0 0.1110224 0.23177558 0.15286198 0.27852768 0 0 0.23381136 0 0.092818536 0 0.13634276 0.38477802 0 0 0.43264183 0 0.13924444 0.17163879 1.6707993 1.4222392 0 0 0 0 4.299297 0 0.18167637 3.9253762 2.1965425 1.316486 0 0 0 0 0 0 0 0.108734325 0 0.21250899 0.94450957 0 0.25772616 0.15617396 0.24259587 0 0 0.62109554 0.7274328 0 0.124789655 0.7067754 0.08755486 0.114188366 0.12699917 0 0 0.26508388
"PLMQ01" 0 0 0 0 0 0 0 0 0 0 0 0 0 0 0 0 0 0 0 0 3.2314389 33.933266 0 0 0 0 9.369438 0 0 6.4667907 3.497244 1.7170539 0 0 0 0 0 0 0 0 0 0 0 0 0 0 0 0 0 0 0.074189246 0 0 0 0 0 0 0 0 0
"20120700_E3X_7" 0.08944991 0.49754888 0 0.47088408 0.70399094 0.09837908 0.1091011 0.1269774 0.33713937 0 0.24140872 0.13201772 0.24070108 0.43688756 0.23678572 0.106247 0.3641163 0.16338548 0.19498542 0 7.2497616 4.92905 0 0 0.18125452 2.4086108 7.402252 0.24552932 0.25212005 6.139629 8.725408 0.9508415 0 0 0.11191458 1.8146783 0 0 0.1593132 0.22173274 0.32488918 0.23294562 0.73829275 0 0.4948654 0.5473077 0.9852519 0.069794446 0.31985313 0.38920504 1.4138815 0 0.24056938 0.50400364 0.27630615 0.38753575 0.19884776 0 0.15499763 0.20731728
"20170700_S34_25" 0 0 0 0 0 0 0 0 0 0 2.1678855 0 0 0 0.13775703 0 0 0 0 0 0.574172 0.38276565 0 0 0 1.5054936 0.34549052 0 0 1.3718361 1.3499082 0.43498144 0 0 0 1.5192331 0 0 0 0 0 0 0.058220007 0 0 0 0.46675053 0 0 0 0.33830526 0 0 0 0 0 0 0 0 0
"3300037132_9" 0.17321244 0.6090067 0.31688312 0.55943656 0.8107126 0.19459601 0.6618897 0.46016732 0.40910414 0.20531024 0.2089043 0.25338084 0.44241655 0.8330481 0.22333536 0.3571408 0.543711 0.36669192 0.51564443 0.1288607 3.8386064 1.5342007 0.16640496 0.22796635 0.25279 1.8712964 3.6669476 0.34688985 0.31618598 5.8534627 6.284776 0.8748266 0.13054748 0.1608944 0.75080955 1.1077864 0.08148416 0.28624266 0.27631643 0.3552171 0.4780419 0.24788055 0.39875305 0.1615257 0.6318507 0.47727206 0.5890112 0.34030905 0.52235484 0.38894752 1.0069577 0 0.27690178 0.39764613 0.47028524 0.5682775 0.4208286 0.38509148 0.36190352 0.16675748
"20130700_E2Y_4" 0.6129884 1.7933476 1.1117628 1.8710065 2.0087717 0.51700824 2.2304301 1.459879 1.239167 0.63353556 0.68952435 0.74020725 1.6408676 1.452741 0.69488204 1.3859881 1.1040404 0.7228921 0.99898106 0.3879432 7.347992 53.42316 0.65807575 0.8379254 0.85576177 2.7312617 50.690674 1.0160087 0.3919956 9.955533 6.7222724 5.8228726 0.42898268 0.5208866 2.312834 1.9081502 0.2974251 0.8323079 0.73929876 1.1545541 1.6361132 0.83423686 1.4386288 0.6076167 2.171799 1.4100442 2.3391662 1.0887253 1.5977013 1.2018852 2.1464455 0.15449592 0.9233476 1.3702238 1.6571926 1.5797901 1.5396512 1.4373314 1.1361531 0.5903103
"20130700_E2Y_17" 0 0 0.14200106 0 0 0.05765845 0 0 0.07459101 0 0 0 0 0.18580616 0 0 0.124176085 0 0 0 3.1857991 10.783172 0 0 0 0.2675076 18.42637 0 0 9.453466 9.235823 9.20423 0 0 0.2476883 0.831325 0 0 0.31462932 0 0 0.12502968 0.33635473 0 0 0.33636293 0.18801099 0 0 0 0.19413091 0 0 0.12791984 0 0.08097627 0.11425757 0 0 0
"20120800_E3S_17" 0 0 0 0 0 0 0 0 0.1546004 0 0 0 0 0.2832409 0.65186644 0.07279179 0.4167381 0 0 0 4.6196322 2.5578873 0 0 0 2.0054505 1.6326929 0 0.14592212 5.2938733 1.1429875 3.0627322 0 0 0 0 0 0 0 0 0 0 0.96290016 0 0 0 0.17563012 0 0 0 1.9330496 0 0 1.4354764 0 0.19976187 0.7438066 0 0 1.3184952
"20110800_E3D_38" 0 0 0 0 0 0 0 0 0 0 0 0 0 0 0.17715573 0 0.11223915 0 0 0 1.4726896 1.8382764 0 0 0 0.6756062 2.8870609 0 0.14392495 6.8421626 4.8055496 0.1683977 0 0 0 0 0 0 0 0 0 0 0.11193686 0 0 0 0.49907425 0 0 0 0.52042747 0 0 0.15545072 0 0.0575758 0.22794503 0 0 0.4449171
"20111000_P2D_3" 0 0 0 0 0 0 0 0 0 0 0 0 0 0 0 0 0 0 0 0 0.82238406 0.6146321 0 0 0 0 1.6061642 0 0 0.057629194 0.120004304 0 0 0 0 0 0 0 0 0 0 0 0 0 0 0 0 0 0 0 0 0 0 0 0 0 0 0 0 0
"20120800_E3D_5" 0 0 0 0 0 0 0 0 0 0 0 0 0 0 0 0 0 0 0 0 0.096908085 0 0 0 0 0.8218931 7.20809 0 0 8.599042 4.38144 4.0899324 0 0 0 0 0 0 0 0 0 0 0 0 0 0 0 0 0 0 0 0 0 0 0 0 0 0 0 0
"20160700_E25_5" 0 0 0 0 0 0 0 0 0 0.09420597 0 0 0 0 0 0 0 0 0.07405144 0 0 0.11099007 0 0 0 0 0.12542818 0 0 0.09633272 0.08068304 0 0 0.3225381 0.29328683 0.06402192 0 0 0 0 0 0 0 0 0 0 0 0 0 0.07799175 0 0 0 0 0 0 0 0 0 0
"20120800_E1X_14" 0.14505553 0.19378163 0.2020945 0 0.11748154 0 0.15229559 0 0 0.10645894 0 0 0.05659272 0.069228485 0 0.5550033 0 0 0.07987307 0 0.16791767 1.7736163 0.1579755 0.08308721 0.068498656 0.11624333 1.8320299 0.22783998 0 0.631039 0.6757885 0.8791228 0 0 0.20130497 0.14732237 0 0 0 0.42944378 0.20405369 0.2373015 0.19530556 0 0 0 0.12623425 0.313894 0.13637684 0.107217394 0 0 0.23708919 0 0.45344448 0.36354914 0.32171708 0.6208251 0.49556074 0
"20120700_P3D_87" 0 0 0 0 0 0 0 0 0 0 0 0 0 0 0 0 0 0 0 0 0.083263285 0 0 0 0 0 0.72953826 0 0 0.4104603 0.46690893 0.16473468 0 0 0 0 0 0 0 0 0 0 0 0 0 0 0 0 0 0 0 0 0 0 0 0 0 0 0 0
"20110800_E2D_15" 0 0 0 0 0 0.08663624 0 0 0 0 0.09702864 0 0 0.20734347 0 0 0 0 0 0 10.637087 3.9368606 0 0 0 0.44620076 6.6955175 0 0 7.9430814 6.5114346 0.36730215 0 0 0 0 0 0 0 0 0 0 0 0 0 0 0 0 0 0 0 0 0 0 0 0 0 0 0 0
"PLNE01" 0 0 0 0 0.07151666 0 0 0 0.27958915 0 0.74465877 0 0 0 0 0 0 0 0 0 1.4540006 0.20230445 0 0 0 3.8718834 1.1400763 0 0 0.5995334 1.3897442 0 0 0 0 0.98546433 0 0 0 0 0 0 0 0 0 0 0.061465476 0 0 0 0 0 0 0 0 0 0 0 0 0
"20120800_E3D_7" 0 0 0.19771299 0 0 0.21935885 0 0 0.39516172 0 0.3226722 0 0 1.0183332 1.881881 0.069180526 1.2632061 0 0 0 6.0885234 0.064051606 0 0 0.08728392 1.0666075 7.034607 0 0.39509693 5.9828277 5.933427 0.21896084 0 0 0 0.20678285 0 0 0.11844006 0.07204349 0 1.065866 1.1048048 0 0 0 0.14456423 0 0 0.5767185 6.1159124 0 0 2.3016732 0 0 0.055952996 0 0 0.6292614
"20120500_P19_7" 0 0 0 0 0 0 0 0 0 0 0 0 0 0 0 0 0 0 0 0 1.222358 2.8472903 0 0 0 0 0 0 0 0.10825224 0.071670845 0 0 0 0 0 0 0 0 0 0 0 0 0 0 0 0 0 0 0 0 0 0 0 0 0 0 0 0 0
"20130700_C2X_12" 0 0 0 0 0 0 0 0 0 0 0.14433049 0 0 0 0 0 0 0 0 0 0.16708648 0.1294967 0 0 0 0 0.576451 0 0 0.25560763 1.0347041 0.72957546 0 0 0 0.13856754 0 0 0 0 0 0 0 0 0 0 0 0 0 0 0 0 0 0 0 0 0 0 0 0
"20140700_E15_14" 0.5508708 0.16366495 0 0 0.6200422 0.20209432 0 0 0.54658157 0 3.3335412 0.16320902 0.06754706 0.2104085 0 0 0.12500376 0 0 0.11318024 7.315453 1.4161011 0 0 0 1.230739 1.39752 0.16719986 0.07774501 2.0988371 6.2231956 0.6997725 0 0 0.11162288 22.020596 0 0.08560042 0.17981343 0 0 0.06585654 0.4105967 0 0 0.21553366 1.441608 0 0.13454807 0.0983776 0.7470897 0 0 0.39464593 0 0 0 0 0 0
"20110800_E1D_5" 1.3582504 0.40353927 0 0.06822754 0.23433004 0.077504456 0 0.27316973 0.72154886 0 12.583992 0.1589712 0.071459204 0.30651912 0 0 0.10765799 0 0 0 3.8191252 1.5853935 0 0 0 3.0366583 0.5272262 0.87613857 0.10898945 0.25522122 0.51554894 0.16027768 0 0 0 6.0091906 0 0 0.18226421 0 0 0 0.07576051 0 0 0 3.0169759 0 0 0 0.27844036 0 0 0.073894985 0 0 0 0.08408229 0 0
"20120700_P3D_108" 0.09759078 0 0 0 0 0 0.11796212 0 0 0 0 0 0 0 0 0.10434481 0 0 0 0 4.566554 4.1186094 0.060059257 0 0 0 7.493685 0 0 6.123751 5.9463067 4.092965 0 0 0 0 0 0 0 0 0 0 0 0 0 0 0 0 0 0 0 0 0 0 0.14493215 0 0 0.1972601 0 0
"20110800_E3D_28" 0.18768635 0.24151058 2.157616 0.1279656 0.5928803 1.6397065 0.3287417 0.29647338 0.9028209 0.71574605 6.062222 0.30264434 0.1726751 1.6304924 0.15997706 0 1.4158133 0.60596484 0.67442423 1.3674587 23.957283 8.3639 0 0.15191638 0.21010117 1.4033517 9.199378 0.40793163 0.4732873 22.615183 34.452583 7.9783406 0 0.8181295 3.3336697 10.915233 0 0.49951285 2.321377 1.1642332 0.17658032 1.7613088 0.8233675 0 0.42855975 1.270735 1.5006324 0 0.8018054 1.0479476 0.96650434 0 0.9939748 1.2246733 0.13254693 0.40441716 0.7590326 0 0.30510667 0.68507165
"20110800_E3D_40" 0.09712294 0.10223293 2.3465788 0 0.26293412 1.5528547 0.17332837 0.14299478 0.6770464 0.5413001 14.085373 0.3322874 0.075056694 1.3062426 0.13774148 0 1.2043747 0.8860182 1.0636398 2.980883 8.874389 6.1298504 0 0.087711886 0.16300035 2.0254555 20.599829 0.2475991 0.35244918 12.824362 16.747755 6.642286 0 0.41913158 2.6046672 23.696928 0.056665078 0.74091184 5.3278856 0.79433334 0.07929114 1.3756675 0.74711347 0 0.131752 1.1227161 1.8477694 0 0.5496839 0.8322457 0.8169683 0 0.58675206 0.88626677 0.059494946 0.189778 0.38742587 0 0.19277748 0.52375996
"PMXQ01" 0.10709788 0.23466797 0 0 0.059576005 0 0 0 0.39916617 0 2.1579847 0 0 0.17684816 0 0 0.12274251 0 0 0 6.9754834 0 0 0 0 8.884023 2.9870806 0.13629141 0.10415276 2.8167858 2.5737212 0.43971512 0 0 0.113189556 14.265668 0 0 0.08269638 0 0 0 0 0 0 0.057937562 1.736401 0 0 0 0.29537478 0 0 0 0 0 0 0 0 0
"20120800_E2D_18" 4.235276 4.8025317 3.094875 4.153362 7.4640303 11.822326 2.500007 3.3127575 7.016574 3.5658197 2.1121778 2.9954538 4.155566 11.340934 1.3040621 0.65221524 9.612723 6.9173417 7.7225733 4.847498 26.325666 27.296497 1.004527 1.6747999 3.8278673 3.0720139 29.510315 4.506283 4.8492436 18.30417 21.568504 2.333126 1.1505917 2.0651906 4.4799504 3.3663917 1.0633444 1.5348432 9.593198 6.2820745 3.8588998 10.236218 9.09774 0.25531512 2.568663 3.5766106 2.9674313 2.1710978 5.049365 7.2334566 10.563688 0.31716034 6.070097 13.797245 6.7731857 5.8264275 4.6547184 1.1801813 4.849017 7.057765
"20110800_E2D_35" 0.52268076 0.26701203 0 0.31252027 0.16038984 0 0.53631276 0.1359469 0.06013415 0.09711263 0 0.20980889 0.45625168 0 0 0.2979456 0 0.08220753 0 0 1.5466497 5.3838186 0.22523437 0.14655466 0 0 0.20835155 0.1038586 0 1.1592991 2.9528532 0.2955588 0.10696543 0.08898133 0 0 0.08329998 0 0 0.08943987 0.49313653 0 0 0 0.2475759 0 0 0.30653632 0.0717809 0 0 0.13409288 0.10226256 0 0.49283525 0.13769226 0 0.3218615 0.16063191 0
"20130700_E3X_9" 0 0 0 0 0 0 0 0 0 0 0 0 0 0 0 0 0 0 0 0 2.1036236 0.09350511 0 0 0 0.34820795 1.28769 0 0 7.1469603 11.738167 0.3057313 0 0 0 0.6119163 0 0 0 0 0 0 0.07151977 0 0 0 0.43030792 0 0 0 0 0 0 0 0 0 0 0 0 0
"20110800_E3D_30" 0 0 0 0 0 0 0 0 0 0 0 0 0 0 0 0 0 0 0 0 0 0 0 0 0 0.09519097 1.652827 0 0 0 0.088958904 0.22133861 0 0 0 0 0 0 0 0 0 0.07049516 0.29193312 0 0 0 0 0 0 0 0 0 0 0 0 0 0 0 0 0
"20110800_E3D_17" 0.31240818 1.165349 2.5165186 1.3335115 2.864799 2.2672591 1.4869417 2.315791 3.2487936 1.4076837 1.9739654 0.8664991 0.75323725 4.2278514 0.5377265 0.18103844 4.1356845 1.0896808 1.5423002 1.5501769 10.594644 4.7863345 0.11451288 0.35341546 2.2285404 1.149712 13.056617 1.1930497 1.7806624 7.6316094 8.507824 1.3443455 0.7321128 1.0479114 3.2416444 2.1314204 0.3959045 0.86413634 4.384558 2.96884 1.0409498 4.2868276 2.7916353 0.15949012 4.003486 5.158028 1.6333933 0.52698606 1.9307781 1.8161178 3.8004375 0 2.7963023 4.0612197 0.7890918 3.328063 3.2160072 0.056138624 0.6002512 3.4186652
"3300037076_10" 0 0 0 0 0 0 0 0 0 0 0 0 0 0 0 0 0 0 0 0 0.78703153 1.7471204 0 0 0 0 2.344538 0 0 1.3400736 1.2538631 2.74952 0 0 0 0 0 0 0 0 0 0 0 0 0 0 0 0 0 0 0 0 0 0 0 0 0 0 0 0
"PLND01" 0 0 0 0 0 0 0 0.07136843 0.32345563 0 0 0 0 0 0 0 0 0 0 0 3.053359 0 0 0 0 2.760293 0.3956525 0 0 0.17631736 0.68279934 0.095336296 0 0 0 0 0 0 0 0 0 0 0.4559169 0 0 0 0.3085336 0 0 0.0728543 0.4087625 0 0 0 0 0 0 0 0 0
"20110800_E3D_3" 0 0 0 0 0.13338132 0.09066418 0 0 0.12366072 0 0.15215723 0 0 0.19904195 0 0 0.12780748 0 0 0.07794259 5.5185347 3.0855906 0 0 0 0.36458683 4.4660907 0 0 2.1088808 2.6734724 0.74836314 0 0 0.26961365 0.30546704 0 0 0.10844449 0 0 0 0.105785675 0 0 0 0 0 0 0 0.180104 0 0 0 0 0 0 0 0 0
