"genome" "711_E-1-S" "711_E-1-M" "711_E-1-D" "711_E-2-S" "711_E-2-M" "711_E-2-D" "711_E-3-S" "711_E-3-M" "711_E-3-D" "712_E-1-M" "712_E-1-D" "712_E-2-S" "712_E-2-M" "712_E-2-D" "712_E-3-S" "712_E-3-M" "712_E-3-D" "713_E-1-S" "713_E-1-M" "713_E-1-D" "713_E-1-X0" "713_E-1-X1" "713_E-2-S" "713_E-2-M" "713_E-2-D" "713_E-2-X0" "713_E-2-X1" "713_E-3-S" "713_E-3-M" "713_E-3-D" "713_E-3-X0" "713_E-3-X1" "714_E1_1-5" "714_E1_5-9" "714_E1_20-24" "714_E1_30-34" "714_E2_1-5" "714_E2_5-9" "714_E2_20-24" "715_E1_1-5" "715_E2_1-5" "715_E2_20-24" "715_E2_30-34" "715_E3_10-14" "715_E3_20-24" "715_E3_30-34" "716_E1_1-5" "716_E1_10-14" "716_E1_20-24" "716_E1_30-34" "716_E3_10-14" "716_E3_30-34" "717_E2_1-5" "717_E2_10-14" "717_E2_20-24" "717_E3_1-5" "717_E3_10-14" "717_E3_30-34"
"20140700_E15_15" 0 0 0.2799412 0 0.342902 0.16625088 0 0 0 0.2803412 2.5231626 0.10397657 0 0.07506919 0 0 0 0 0.119730964 0.25808397 0 0 0 0 0 0 0 0 0 0 0 0 0 0.27652085 4.402763 11.361947 0 0.8416844 1.8747838 0.115163304 0 0 0 0 0.17195101 0.11708767 0 0 0.06303785 0 0 0 0 0 0 0 0 0
"20120800_E1D_15" 0.123357624 0.24595787 5.574782 0.25343615 1.0309861 2.7239122 0.4882331 0.78874314 0.95501006 4.2070127 49.10639 0.809182 0.33971143 1.7065742 0.20496014 0 1.211801 2.1839516 2.1529462 5.5058727 3.793044 1.8285248 0 0.058085777 0.10784899 0.12288755 0.8228856 0.3075536 0.4665111 1.3847532 1.9429011 0 0.29945153 0.58082247 16.261604 10.82918 0.41943282 1.6075444 12.66109 0.8034466 0.22948952 0.90026665 0.7548071 0.14250682 2.2313516 2.6220922 0 1.3468902 1.8059051 0.6507812 0.4375167 0.7932497 0.27397737 0.7933499 1.1421446 0 0.14055783 0.6191412
"20130700_C1Y_5" 0 0 0.23596212 0 0.18043728 0.41909936 0 0 0.08649477 0.40972823 1.186644 0.15028083 0.114788234 0.23026998 0 0 0.16715199 0.07185433 0.10744676 0.15242234 0 0 0 0 0 0 0 0 0 0 0 0 0.19951035 0.30308208 0.47963205 0.1514036 0.059666917 0.13952687 0.43665674 0.0694136 0 0 0.05883162 0 0.057254992 0.14191055 0 0.11353683 0.115093604 0 0.108542405 0.0900001 0 0.14067817 0.07034285 0 0 0.104792945
"PLTZ01" 0 0 0.9973973 0 0 0 0.09509499 0.069962785 0.071715206 0.3355927 1.8270566 0 0 0 0 0 0 0 0 0 0 0 0 0 0 0 0 0 0 0 0 0 0.20097175 0.39378124 1.7858975 0.13598013 0.061044704 0.11862343 1.2850928 0 0 0 0.2308791 0 0.06686 0.08950604 0 0 0 0.06524886 0 0 0 0.075222686 0.29657945 0 0 0
"3300037049_8" 0 0.06387024 0.06357778 0.4709046 0.34151396 0 0 0.14050093 0 0.060052577 3.3269167 0.098232284 0 0 0 0 0 0 0 0 0 0 0 0 0 0 0 0 0 0 0 0 0 0 0.86310226 20.3946 0 0.43148276 0.16945831 0.15112707 0 0 0.056392517 0.1295176 0.21455136 0.24249466 0 0.08099852 0 0 0 0 0 0.52847105 0.1022767 0 0.1311106 0
"20170700_E14_6" 0 0 0 0 0 0.106121585 0 0 0.06989102 0 0.3128966 0 0 0.15270905 0 0 0.10273818 0 0 0 0 0 0 0 0 0 0 0 0 0 0 0 0 0 0.06474529 0.060528263 0 0 0.0873971 0 0 0 0 0 0 0 0 0 0 0 0 0.0568555 0 0 0 0 0 0.08023173
"20120800_E1D_8" 0.10636854 0.24123237 0.8135484 0.25884408 0.5898595 0.6993117 0.24657579 0.24743964 0.83114773 0.24962193 18.075174 0.30940136 0.21532404 1.1014998 0.37190744 0.1106462 1.0551398 0.31993392 0.3611119 0.3753399 3.3907495 1.1358851 0.06657581 0.21472089 0.1549383 1.7583039 3.2327445 0.24209306 0.5301107 0.5575279 0.6955167 0.7721559 0.10527496 0.26099536 1.8476833 69.49417 0.057113897 0.2180395 0.9557518 0.5542968 0.2257195 0.9157362 0.90481937 0.17915334 0.377924 1.9131317 0 0.51943475 0.7523375 1.522906 0.7042645 1.0327821 0.26099393 0.53878504 0.58613473 0.06296209 0.26138055 0.8130382
"20140700_E15_18" 0 0 1.8325801 0 0.5447422 0 0 0.07076236 0 2.087281 6.1483626 0 0 0 0 0 0 0 0 0 0 0 0 0 0 0 0 0 0 0 0 0 0 0 12.257341 11.145383 0.100737564 1.3067456 0 0.17168617 0 0.12253981 0.0777323 0.1395345 0.96622723 1.7064673 0 0 0 0.32125443 0 0 0 0.20449279 0.0994569 0 0 0
"20140700_E15_1" 0 0 0 0 0.058274034 0 0 0 0 0 0.4135102 0 0 0 0 0 0 0 0 0 0 0 0 0 0 0 0 0.24760297 0 0 0 0 0 0.10741897 0.12172492 30.597298 0 0.06328603 0 0 0 0 0 0 0 0 0 0 0 0 0 0 0 0 0 0 0 0
"20130700_C1X_8" 0 0 0 0 0.17471924 0 0 0 0 0 4.741135 0 0 0 0 0 0 0 0 0 0 0 0 0 0 0 0.13042764 0.18917952 0 0.4070646 0.44647193 0 0 0 0 8.895408 0 0 0 0 0 0 0 0 0 0 0 0.09911761 0 0 0 0 0 0 0 0 0 0
"PLWQ01" 0 0 0 0 0 0 0 0 0 0 6.223917 0 0 0 0 0 0.06726317 0 0 0 0 0 0 0 0 0 0.9981236 0 0 1.5110091 1.3588225 0 0 0 0 17.111805 0 0 0 0 0 0 0 0 0 0 0 0 0 0 0 0 0 0 0 0 0 0
"20140700_E15_7" 0 0 0.13069731 0 0.12440541 0 0 0 0 0.20671302 2.088432 0 0 0 0 0 0 0 0.149937 0.17648068 0 0 0 0 0 0 0.16621876 0 0 0 0.0563164 0 0.08604611 0.57100904 2.9319816 7.563366 0 0.56364036 0.32919577 0 0 0 0 0 0.1891957 0.120827846 0 0 0 0 0 0 0 0 0.18513347 0 0 0
"20120600_E3D_38" 0.6786786 7.0877743 8.334328 1.9344167 4.4733624 1.0515687 1.2841346 0.99965245 3.569438 5.9067774 17.412876 0.8038749 0.765879 4.193969 3.7811778 0.16173846 6.276274 1.0985613 1.2164209 0.57154596 7.1098332 10.735539 0.25963274 1.2890185 0.809321 0.34442422 8.751692 6.071512 0.44961438 3.8327992 10.086789 1.0926234 0.70321006 2.249267 19.503065 22.984692 1.1681572 9.298655 0.98637116 8.673348 0.94839054 8.636441 7.4923887 0.92300284 1.3316444 4.8460693 1.9238425 13.029788 7.4203515 12.598676 4.909475 4.8510194 0.55829537 2.5881703 4.388636 0 2.0674965 1.6336517
"20130700_C1X_17" 0 0 0.5606986 0 0 0 0 0 0 0.16310565 5.4912677 0 0.066056 0 0 0 0 0 0 0 0 0 0 0 0 0 0 0 0 0 0 0 0.48227358 0.42756328 0.34467024 0.152544 0.22096473 0 0 0 0 0 0 0.12865405 0.557185 0.71118176 0 0 0 0 0 0 0 0 0 0 0 0
"Bog.Labelled.R1.T3.F1.JGI.BFC.metaspades_bin.33_96.24_0.54" 0 0 0.068800546 0 0 0 0 0 0 0.21180807 0.13780843 0 0 0.1754018 0 0 0 0 0 0 0 0 0 0 0 0 0 0 0 0 0 0 0 0 1.1215149 0.2500995 0 0.15847129 0.09700377 0 0 0 0 0.05925617 0 0 0 0 0 0 0 0 0 0 0 0 0 0
"20110800_S3D_28" 0 0 0.06004817 0 0 0 0 0 0 0 1.530474 0 0 0 0 0 0 0 0 0 0 0.22670096 0 0 0 0 0.10219897 0 0 0 0 0 0 0 0.45207673 1.3372335 0 0.078678824 0 0 0 0 0 0 0.09882781 0 0 0 0 0 0 0 0 0 0 0 0 0
"Bog.None.R2.T0.JGI.BFC.metaspades_bin.84_100.00_0.00" 0 0 1.0842899 0 2.7766695 0.4479506 0 0 0 0.08055851 28.680391 0.34504855 0 0.17328392 0 0 0.063537285 0.67539793 0.7213426 0.5666749 0.13745397 0.16757545 0 0 0 0 0.22810803 0 0 0 0.1479459 0 0 0 1.0407362 4.734892 0.07191044 2.3425434 6.302968 0.08239437 0 0 0.12208855 0 0.10025801 0.6633639 0 0.16167596 0.08370644 0.39171955 0 0 0 0 0 0 0 0
"20110600_S3M_2" 0.35357904 0.5308796 1.4208734 0.33028078 0.8377943 1.690328 0.45710817 0.39015236 0.8267033 0.5093096 2.841037 0.3413378 0.29694524 1.5397048 0.17852779 0.1722823 1.3190653 0.8693372 0.85112035 0.9648775 0.7912306 0.7470997 0.16891658 0.454396 0.38314635 0.11171566 2.9906507 0.5694625 0.42751774 0.9002058 1.4590483 0.6834834 0.20451312 0.6164388 2.7265267 2.233599 0.19402626 0.63979286 1.8741006 0.96822244 0.30266315 1.5462309 0.96227986 0.6396094 0.8025266 0.73208904 0 0.99237025 1.4228063 0.969877 0.96511734 1.2728528 0.6214338 0.6067259 0.6883706 0.14828098 0.6648703 1.1000861
"20120700_E1D_7" 0.0826117 0.52746946 3.9638996 0.76732874 3.9900713 5.6328735 0.5708068 1.2049892 0.13685107 2.015909 53.54673 0.8538658 0.36827567 1.4280318 0.39119747 0 1.1044785 1.5058877 1.7095723 3.9687724 0.5062667 0.46366212 0 0.06356873 0 0.24285677 2.1545622 0.32084587 0 0.5179415 0.58190596 0.07630427 0.5272156 2.8369043 12.886142 4.087796 0.4315711 2.043555 7.430205 1.1344142 0.14555088 0.61514217 0.8188487 1.2153306 2.3688369 2.4966047 0 0.8554419 0.14239253 1.1974988 0.23026489 0.06584918 0 0.4417866 0.41838837 0 0 0
"20140700_S12_11" 0 0.33466247 1.8366796 0.6229957 2.4697878 1.6929473 0.071867764 0.8352328 0.5087164 2.273668 8.884264 0.2873654 0.082070574 0.6389065 0 0 0.38161215 0.43688518 0.5786123 0.7838108 0.62853354 0.2151498 0 0 0 0 0.4269937 0.21003209 0 0.51492894 0.44709462 0 0.24852802 1.8501219 25.935297 9.697296 0.18485883 3.3121574 2.5462992 1.1787746 0 0.61298406 0.90760064 0.41276968 2.8810303 0.77593434 0 1.329089 0.480779 0.82477283 0.5353858 0.18574451 0 0.7990654 0.7961792 0 0.17718092 0
"Bog.Labelled.R2.T3.F3.trimmomatic.megahit_bin.126_96.49_2.19" 0 0 0.06398379 0 0.57174945 0 0 0 0.064675145 0.22615527 0.8913393 0 0 0 0 0 0 0.1563585 0.20515728 0 0 0 0 0 0 0 0 0.09156525 0 0 0 0 0.06447253 0 3.296415 1.9064857 0 0.28846204 0 0.063916825 0 0.06962371 0 0 0.32924038 0 0 0.23557791 0 0 0.11781304 0 0 0 0 0 0.06739658 0
"20120800_E1D_14" 0 0 0.66855973 0 0.111202486 0.30015302 0 0 0.11558482 0.14848928 39.96542 0.075426556 0 0.35415822 0 0 0.15262799 1.3830278 1.3171228 0.44435176 0 0 0 0 0 0.10265732 0.122854084 0 0 0 0 0 0 0 46.555637 132.74467 0 0.5444109 2.6743734 0 0 0.07740919 0.27294883 0 0.5580736 4.2268867 0 0.24282773 0.17685774 0.28639325 0 0 0 0 0.083717905 0 0 0
"Bog.Unlabelled.R2.T3.F2.JGI.BFC.metaspades_bin.55_93.55_2.59" 0 0 0.16418825 0 0.117141 0.2134398 0 0 0 0.22292466 2.1662295 0.063234515 0.06449846 0.13335106 0 0 0.08442473 0 0.13366804 0.097061194 0 0.3590354 0 0 0 0 0.084418125 0 0 0 0 0.07889349 0.16145301 0.34204313 0.9713813 1.4300672 0.07263617 0.34233668 0.5208506 0.070792094 0 0 0 0 0.088797025 0.08565599 0 0.06590504 0.0690857 0 0.07068512 0 0 0.08868014 0.10381742 0 0.056307916 0
"20150700_E14_2" 0 0 2.595777 0 0 0 0 0 0 0 1.1809698 0 0 0 0 0 0 0 0 0.12120699 0 0 0 0 0 0 0 0 0 0 0 0 0 0 2.467041 0.9548416 0 0 1.7652501 0 0 0 0 0 0.07389257 0.8035135 0 0 0 0 0 0 0 0 0 0 0 0
"20160700_E25_15" 0 0 0.06793029 0 0.06545907 0 0 0 0 0.22527824 1.1049318 0 0 0 0 0 0.06074745 0 0 0 0 0 0 0 0 0 0.068529904 0 0 0.21800447 0.5168861 0 0 0 12.512163 1.9623506 0 0 0.10612599 0.17417859 0 0 0 0 0 0.06323404 0 0 0 0 0 0 0 0 0.1277708 0 0 0
"20110800_S2M_3" 0 0 0 0 0 0.090626106 0 0 0 0 0.49872917 0 0 0 0 0 0 0.25011146 0.33025774 0.2554602 0 0 0 0 0 0 0 0 0 0 0.06756627 0 0 0 1.3619971 3.4979262 0 0.06256447 0.8377247 0 0 0 0 0 0 0 0 0 0 0 0 0 0 0 0 0 0 0
"Bog.None.R2.T0.JGI.BFC.metaspades_bin.50_93.75_3.45" 0 0 0.28573927 0 0 0 0 0 0 0 0.071476795 0 0 0 0 0 0 0 0 0 0 0 0 0 0 0 0 0 0 0 0 0 0 0 0.31528056 0.15525241 0 0 0.40600684 0 0 0 0.098062344 0 0 0.105193526 0 0 0 0 0 0 0 0 0 0 0 0
"20120800_E1D_18" 0 0.2840443 1.8779994 0 0.89228356 1.0735104 0 0 0.59132606 0.24640289 25.761353 0.20305564 0 1.2110294 0.11199171 0 1.3223062 0.66367185 0.92067814 0.7005291 0.16680919 0 0 0 0.22636817 0.18845062 0.10417268 0.15231565 0.19870888 0 0.072080076 0 0 0 8.5442505 41.56509 0 0.67292047 2.4788077 0.94824225 0 1.8212047 0.99800974 0 0.9566558 5.164093 0 1.2408528 1.4151791 1.4416685 0.702708 1.1364824 0 0 0.27590892 0 0.07466157 0.35802785
"20120500_P28_11" 0 0 0.29344848 0 0 0.2501169 0 0 0.11164721 0.22437811 2.1947198 0 0 0.29116884 0 0 0.23273699 0.1463328 0.27708012 0.16630937 0 0 0 0 0 0 0 0 0 0 0 0 0 0 0.6255662 0.47771373 0 0 1.1234198 0 0 0.061506312 0.16073115 0 0 0.07247907 0 0 0.09287327 0.19252525 0 0.1772413 0 0 0 0 0 0.1461407
"Bog.Unlabelled.R2.T2.F2.JGI.BFC.metaspades_bin.16_87.66_1.12" 0 0 0.57929033 0 0 0.43416557 0 0 0.12812297 0.52369034 3.5948815 0.06478923 0 0.46314418 0 0 0.25815144 0 0.12832372 0.31126443 0 0 0 0 0 0 0 0 0 0 0 0 0 0.09001487 3.1403255 1.8898007 0 0.17691132 1.4747796 0.0902585 0 0.13015467 0.1946507 0 0 0.3106717 0 0 0.11521343 0.14045699 0 0.15960053 0 0 0 0 0 0.09160254
"20170700_S24_5" 0 0 0.2287511 0 0 0.29387805 0 0 0.11147799 0.088296115 0.85431284 0 0 0.3527007 0 0 0.23409986 0 0 0.11323102 0 0.0803347 0 0 0 0 0 0 0 0 0 0 0 0 0.49567828 0.114555135 0 0 0.5987376 0 0 0.0574735 0.13437442 0 0 0.066907935 0 0 0.08064194 0.11015715 0 0.15991691 0 0 0 0 0 0.10566001
"20120700_P1D_3" 0 0 0 0 0 0 0 0 0 0 0.1360473 0 0 0 0 0 0 0 0 0 0 0 0 0 0 0 0.24842533 0 0 0 0.0861737 0 0 0 2.9938166 0.13324043 0 0 0 0 0 0 0 0 0.08592809 0 0 0 0 0 0 0 0 0 0 0 0 0
"20120700_S1D_13" 0 0 0.086879194 0 0.10692934 0 0 0 0 0 1.39985 0 0 0 0 0 0 0 0.07819223 0.08107185 0 0 0 0 0 0 0 0 0 0 0 0 0 0 2.1203995 0.98997426 0 0.22390889 0.2646699 0 0 0 0 0 0 0 0 0 0 0 0 0 0 0 0 0 0 0
"20120800_E1D_12" 0.7449942 0.4914613 8.012101 0.17232557 0.6855067 3.7668934 1.2212174 0.67339385 2.5448012 3.0224547 117.957115 0.85861963 0.24674061 2.651874 0.7284952 0.27587876 2.3794625 1.2453544 1.330271 2.142733 0 0.77123517 0.33412585 1.0449774 0.20727101 0.17591646 0 0.5558473 1.4019557 0 0 0 2.4176307 8.324206 13.855419 0.27937827 1.0891135 2.7710454 11.512195 0.87775844 0.3496233 1.0684172 1.4811388 0.7708981 3.5261006 7.1839256 0.07853438 2.4282928 2.897102 3.0725527 1.0243161 2.164246 1.0763301 0.6263534 0.8720209 0.06947616 0.32253876 2.0132215
"20130700_C2X_10" 0 0 0 0 0 0.19544685 0 0 0 0 1.1531962 0 0 0 0 0 0 0 0 0.0797275 0 0 0 0 0 0 0 0 0 0 0 0 0.32084212 0.31570044 1.4081775 0 0 0 0.55478024 0 0 0 0 0 0 0 0 0 0 0 0 0 0 0 0 0 0 0
"20130700_C2X_13" 0 0.129804 1.0563747 0 0.147073 0.0598791 0 0 0.08522174 0.07282199 17.659868 0 0 0.1090629 0 0 0.102674186 0 0 0 0 0 0 0 0 0 0 0 0.10341978 0 0 0 0 0 27.776672 35.42106 0 0.13865457 0.22330286 0.18262278 0 0.2492133 0.07261388 0 0.13191643 1.0539703 0 0 0 0.52868265 0.13768288 0.077165574 0 0 0 0 0 0
"20130700_C2M_3" 0.17742859 0.4050713 0.48400554 0.29004186 1.1965147 0.7218176 0.09061025 0.1647248 0.89024234 0.3515957 2.5070724 0.2593737 0.1627909 1.0396398 0 0 0.87010854 0.89019907 1.103025 0.73616624 0.65319335 0.35954693 0 0 0.30135432 0.5188481 4.2232594 0.23077765 0.4801051 1.0035442 0.91658133 0.21449803 0 0.38568836 1.3335252 15.944321 0 0.5750362 1.1056654 0.18333788 0 0.17927052 0.23857366 0.16203952 0.29629228 0.6486768 0 0.60515547 0.5631661 0.7419281 0.23291741 0.8752864 0.062216166 0.22222687 0.34878194 0 0.30702612 0.9921174
"20120800_E1D_19" 0 0.0642835 1.6250734 0 0.10357175 0.095496394 0 0 0.21579543 0.086998716 59.805378 0 0 0.30939075 0.15165034 0 0.41084883 0.076922245 0 0 0.12960008 0 0 0 0.31458366 0.34505114 0.3417835 0.083779834 0 0.06786384 0 0 0 0 1.6074264 7.525521 0 0.84650236 0.60814303 1.2082042 0 1.9503918 0.6581344 0.056681324 0.2250898 1.7194403 0 0.9334169 0.96891636 0.46589923 0.31050014 0.42041042 0 0.22150238 0.20231164 0 0.08742896 0.25998935
"20130700_C2M_17" 0 0 0.51834613 0 0.7308748 0.16741988 0 0.061568934 0.073320225 0.5395357 21.398264 0.07220961 0 0.13879754 0 0 0.11823963 0.09570347 0.18647826 0.25020605 0 0 0 0 0 0 0 0 0 0 0 0 0.22486442 0.5755986 13.578484 5.820756 0 2.6054885 1.1189406 0.21544836 0 0.13194548 0.06905488 0.08223411 0.7281813 0.5930364 0 0.2528993 0.10512476 0.09237511 0.06865548 0.058674645 0 0.16106352 0.3472297 0 0 0
"20140700_E15_11" 0.19926266 0.6974648 1.0476788 0.18850827 0.79861057 0.78326017 0.20723066 0.20340168 0.51402694 2.933697 11.795906 0.19470643 0.41375807 0.9440972 0.31759048 0 0.9756615 0.49226052 0.7325943 0.2637767 2.1896896 0 0 0.10815342 0.11361639 0.8461173 0.17174986 0.17954922 0.47094762 0.14188954 0.08029718 0 0.36029503 1.1122564 6.018702 37.28902 0 0.11243239 0.56653607 1.8167126 0.5617351 1.5314637 1.3046373 2.056362 3.3512344 29.224495 0 0.21855158 1.2003366 2.5582707 0.5695517 1.7772907 1.7846403 2.372784 3.6869428 0 0.27340034 1.0273597
"20170700_E15_8" 0 0 0.6574062 0 0.4905573 0.081963204 0 0.12702274 0 0.13160248 4.776157 0 0 0.16921438 0 0 0.16199553 0.062283833 0.13475639 0 0 0 0 0 0 0 0 0 0 0 0 0 0 0 3.0215836 1.351605 0 0.09478199 0.07160364 0.260415 0 0.16293293 0.16783369 0.0666822 0.31936127 0.68039 0 0.16294122 0.065787695 0.05954351 0.2623161 0 0 0.30443928 0.3437585 0 0 0
"20130700_C1D_18" 0 0.123259716 3.8985457 0.28651512 1.7572237 4.125834 0 0.45617792 1.762904 2.2977605 9.321353 0.91759765 0.16258042 4.013636 0.24772023 0 3.329379 0.6046428 0.9915362 1.7649393 1.4998318 0.11420912 0 0 0.40383977 0.08983608 0.9103173 0.33022812 0.8953049 0.96765757 3.1669178 0.2277517 0.45365295 1.8040527 21.631271 17.283018 0.19069752 2.1028118 8.449448 1.4495716 0 1.7030941 1.8360279 0.3181863 2.0443745 1.7961963 0 0.6739611 1.7968545 3.4163628 0.36072996 2.0291467 0 1.1793453 1.2931617 0 0 1.7386342
